Sample	coverage_btub	coverage_autosome	ratio
GFB-7447_HWNGYDSX5_3_TRICHURIS600Tiagba_S17_L003	291.429	21.3468	13.65211647647422564506
GFB-7546_HWNGYDSX5_3_TRICHURIS740Tiagba_S116_L003	108.975	14.6882	7.41922087117550142291
GFB-7674_HWNGYDSX5_3_TRICHURIS923Tiagba_S244_L003	175.107	19.7869	8.84964294558521041699
GFB-7414_HWNGYDSX5_2_TRICHURIS548Tiagba_S362_L002	109.815	20.9174	5.24993546043007257116
GFB-7592_HWNGYDSX5_3_TRICHURIS795Tiagba_S162_L003	171.853	18.3199	9.38067347529189569812
GFB-7645_HWNGYDSX5_3_TRICHURIS873Tiagba_S215_L003	159.589	17.973	8.87937461748177822288
GFB-7751_HWNGYDSX5_3_TRICHURIS1020Tiagba_S321_L003	136.06	14.4872	9.39173891435197967861
GFB-7160_HWNGYDSX5_2_TRICHURIS159Akakro_S108_L002	384.005	28.0889	13.67105867442299271242
GFB-7594_HWNGYDSX5_3_TRICHURIS798Tiagba_S164_L003	323.434	20.0408	16.13877689513392678934
GFB-7282_HWNGYDSX5_2_TRICHURIS367Akakro_S230_L002	261.741	24.8975	10.51274224319710814338
GFB-7071_HWNGYDSX5_2_TRICHURIS19Bekpou_S19_L002	463.436	26.5787	17.43636821966461866080
GFB-7213_HWNGYDSX5_2_TRICHURIS226Akakro_S161_L002	125.86	12.9235	9.73884783533872402986
GFB-7368_HWNGYDSX5_2_TRICHURIS479Akakro_S316_L002	200.486	23.1911	8.64495431437059906602
GFB-7158_HWNGYDSX5_2_TRICHURIS156Akakro_S106_L002	128.007	14.0721	9.09651011576097384185
GFB-7610_HWNGYDSX5_3_TRICHURIS816Tiagba_S180_L003	127.264	12.0398	10.57027525374175650758
GFB-7649_HWNGYDSX5_3_TRICHURIS879Tiagba_S219_L003	243.958	23.4427	10.40656579660192725240
GFB-7227_HWNGYDSX5_2_TRICHURIS244Akakro_S175_L002	116.758	12.7881	9.13020698931037448878
GFB-7402_HWNGYDSX5_2_TRICHURIS535Tiagba_S350_L002	172.319	24.8622	6.93096347065022403488
GFB-7171_HWNGYDSX5_2_TRICHURIS172Akakro_S119_L002	269.112	23.1689	11.61522558256973788138
GFB-7531_HWNGYDSX5_3_TRICHURIS721Tiagba_S101_L003	246.476	33.1269	7.44035813794831390803
GFB-7186_HWNGYDSX5_2_TRICHURIS193Akakro_S134_L002	372.404	25.2518	14.74762195170245289444
GFB-7298_HWNGYDSX5_2_TRICHURIS386Akakro_S246_L002	399.187	24.5236	16.27766722667145117356
GFB-7504_HWNGYDSX5_3_TRICHURIS692Tiagba_S74_L003	328.688	27.6483	11.88818119016359052816
GFB-7393_HWNGYDSX5_2_TRICHURIS520Akakro_S341_L002	276.988	25.0794	11.04444284950995637854
GFB-7340_HWNGYDSX5_2_TRICHURIS441Akakro_S288_L002	266.479	20.9248	12.73507990518427894173
GFB-7673_HWNGYDSX5_3_TRICHURIS919Tiagba_S243_L003	62.212	17.3875	3.57797268152408339324
GFB-7379_HWNGYDSX5_2_TRICHURIS499Akakro_S327_L002	120.182	13.1249	9.15679357557009958171
GFB-7750_HWNGYDSX5_3_TRICHURIS1018Tiagba_S320_L003	222.88	24.6316	9.04853927475275662157
GFB-7439_HWNGYDSX5_3_TRICHURIS583Tiagba_S9_L003	386.494	28.9244	13.36221321790598940686
GFB-7422_HWNGYDSX5_2_TRICHURIS563Tiagba_S370_L002	292.117	29.0875	10.04269875376020627417
GFB-7119_HWNGYDSX5_2_TRICHURIS71Akakro_S67_L002	231.758	18.2448	12.70268788915197754976
GFB-7505_HWNGYDSX5_3_TRICHURIS693Tiagba_S75_L003	221.546	23.5749	9.39753721118647374962
GFB-7074_HWNGYDSX5_2_TRICHURIS25Bekpou_S22_L002	311.993	13.3689	23.33722295776017473389
GFB-7715_HWNGYDSX5_3_TRICHURIS966Tiagba_S285_L003	270.312	21.5522	12.54219986822690954983
GFB-7728_HWNGYDSX5_3_TRICHURIS979Tiagba_S298_L003	145.574	18.0677	8.05714064324734194169
GFB-7787_HWNGYDSX5_3_TRICHURISP-6Tiagba_S357_L003	8.77805	6.59438	1.33114106254113351065
GFB-7093_HWNGYDSX5_2_TRICHURIS45Ahouya_S41_L002	330.494	28.0457	11.78412376941919795191
GFB-7612_HWNGYDSX5_3_TRICHURIS818Tiagba_S182_L003	195.546	21.7431	8.99347379168563820246
GFB-7376_HWNGYDSX5_2_TRICHURIS492Akakro_S324_L002	95.98	10.5176	9.12565604320377272381
GFB-7294_HWNGYDSX5_2_TRICHURIS382Akakro_S242_L002	316.025	28.7601	10.98831367067569306087
GFB-7614_HWNGYDSX5_3_TRICHURIS820Tiagba_S184_L003	125.546	17.0475	7.36448159554186830913
GFB-7377_HWNGYDSX5_2_TRICHURIS493Akakro_S325_L002	189.546	26.9148	7.04244504882072317089
GFB-7598_HWNGYDSX5_3_TRICHURIS804Tiagba_S168_L003	177.117	23.6103	7.50168358724793839976
GFB-7482_HWNGYDSX5_3_TRICHURIS645Tiagba_S52_L003	277.254	23.1976	11.95183984550125875090
GFB-7284_HWNGYDSX5_2_TRICHURIS369Akakro_S232_L002	134.18	11.1098	12.07762515976885272462
GFB-7684_HWNGYDSX5_3_TRICHURIS934Tiagba_S254_L003	143.476	16.4334	8.73075565616366667883
GFB-7499_HWNGYDSX5_3_TRICHURIS687Tiagba_S69_L003	369.718	20.8487	17.73338385606776441696
GFB-7114_HWNGYDSX5_2_TRICHURIS66Akakro_S62_L002	313.813	25.8827	12.12443060422598878787
GFB-7551_HWNGYDSX5_3_TRICHURIS746Tiagba_S121_L003	204.611	22.7181	9.00651903108094426910
GFB-7142_HWNGYDSX5_2_TRICHURIS127Akakro_S90_L002	124.224	14.5761	8.52244427521765081194
GFB-7760_HWNGYDSX5_3_TRICHURIS1067Tiagba_S330_L003	19.4264	3.52701	5.50789478907062922985
GFB-7784_HWNGYDSX5_3_TRICHURISP-3Tiagba_S354_L003	24.9451	12.2004	2.04461329136749614766
GFB-7090_HWNGYDSX5_2_TRICHURIS42Ahouya_S38_L002	302.314	26.3484	11.47371377389139378482
GFB-7780_HWNGYDSX5_3_TRICHURIS1095Teffredji_S350_L003	248.334	16.7485	14.82723826014269934621
GFB-7056_HWNGYDSX5_2_TRICHURIS5Bekpou_S4_L002	288.591	27.0712	10.66044357102751263335
GFB-7264_HWNGYDSX5_2_TRICHURIS328Akakro_S212_L002	230.197	22.4222	10.26647697371355174782
GFB-7252_HWNGYDSX5_2_TRICHURIS316Akakro_S200_L002	168.96	15.3719	10.99148446190776676923
GFB-7314_HWNGYDSX5_2_TRICHURIS406Akakro_S262_L002	356.107	33.8562	10.51822118253082153342
GFB-7774_HWNGYDSX5_3_TRICHURIS1087Tiagba_S344_L003	140.843	15.1804	9.27795051513794102922
GFB-7766_HWNGYDSX5_3_TRICHURIS1075Tiagba_S336_L003	356.247	29.5697	12.04770423778394775733
GFB-7193_HWNGYDSX5_2_TRICHURIS202Akakro_S141_L002	253.454	18.9336	13.38646638779735496683
GFB-7100_HWNGYDSX5_2_TRICHURIS52NDoumikro_S48_L002	165.616	23.777	6.96538671825713925221
GFB-7703_HWNGYDSX5_3_TRICHURIS954Tiagba_S273_L003	93.3067	13.8772	6.72374110051018937537
GFB-7627_HWNGYDSX5_3_TRICHURIS838Tiagba_S197_L003	334.963	28.3781	11.80357388267713483284
GFB-7253_HWNGYDSX5_2_TRICHURIS317Akakro_S201_L002	89.8055	14.7687	6.08079925788999708843
GFB-7303_HWNGYDSX5_2_TRICHURIS391Akakro_S251_L002	170.421	12.2344	13.92965735957627672791
GFB-7596_HWNGYDSX5_3_TRICHURIS801Tiagba_S166_L003	189.561	30.0084	6.31693125924741072499
GFB-7329_HWNGYDSX5_2_TRICHURIS425Akakro_S277_L002	426.065	26.6133	16.00947646477513123137
GFB-7390_HWNGYDSX5_2_TRICHURIS517Akakro_S338_L002	349.716	24.1934	14.45501665743549893772
GFB-7288_HWNGYDSX5_2_TRICHURIS375Akakro_S236_L002	111.18	13.2982	8.36052999654088523258
GFB-7275_HWNGYDSX5_2_TRICHURIS359Akakro_S223_L002	269.471	27.3021	9.86997337201167675746
GFB-7394_HWNGYDSX5_2_TRICHURIS521Akakro_S342_L002	13.995	2.10909	6.63556320498414007937
GFB-7802_HWNGYDSX5_3_TRICHURISP-21Tiagba_S372_L003	7.07232	5.77214	1.22525094678923241640
GFB-7460_HWNGYDSX5_3_TRICHURIS620Tiagba_S30_L003	310.888	26.0526	11.93308921182530726299
GFB-7554_HWNGYDSX5_3_TRICHURIS749Tiagba_S124_L003	286.017	20.7394	13.79099684658186832791
GFB-7796_HWNGYDSX5_3_TRICHURISP-15Tiagba_S366_L003	25.8903	13.7871	1.87786409034532280174
GFB-7799_HWNGYDSX5_3_TRICHURISP-18Tiagba_S369_L003	19.3142	11.2093	1.72305139482394083484
GFB-7370_HWNGYDSX5_2_TRICHURIS481Akakro_S318_L002	69.9277	5.77986	12.09851103659950241009
GFB-7299_HWNGYDSX5_2_TRICHURIS387Akakro_S247_L002	330.584	24.0528	13.74409632142619570278
GFB-7058_HWNGYDSX5_2_TRICHURIS7Bekpou_S6_L002	351.187	28.6786	12.24561171047401198105
GFB-7350_HWNGYDSX5_2_TRICHURIS454Akakro_S298_L002	71.8055	10.2147	7.02962397329339089743
GFB-7520_HWNGYDSX5_3_TRICHURIS710Tiagba_S90_L003	92.1322	7.15608	12.87467440274563727627
GFB-7206_HWNGYDSX5_2_TRICHURIS216Akakro_S154_L002	25.0474	3.20976	7.80351178904341757639
GFB-7365_HWNGYDSX5_2_TRICHURIS471Akakro_S313_L002	132.796	13.3978	9.91177656033080057919
GFB-7369_HWNGYDSX5_2_TRICHURIS480Akakro_S317_L002	232.668	23.8277	9.76460170305988408448
GFB-7625_HWNGYDSX5_3_TRICHURIS835Tiagba_S195_L003	132.873	15.0887	8.80612643899076792566
GFB-7450_HWNGYDSX5_3_TRICHURIS607Tiagba_S20_L003	309.564	20.9991	14.74177464748489220966
GFB-7268_HWNGYDSX5_2_TRICHURIS332Akakro_S216_L002	291.237	18.2692	15.94142053291879228428
GFB-7053_HWNGYDSX5_2_TRICHURIS1Bekpou_S1_L002	75.7681	17.4392	4.34470044497454011651
GFB-7185_HWNGYDSX5_2_TRICHURIS191Akakro_S133_L002	134.768	17.2477	7.81367950509343274755
GFB-7635_HWNGYDSX5_3_TRICHURIS845Tiagba_S205_L003	257.938	15.3885	16.76173766124053676446
GFB-7054_HWNGYDSX5_2_TRICHURIS2Bekpou_S2_L002	72.2244	10.9028	6.62439006493744726125
GFB-7413_HWNGYDSX5_2_TRICHURIS547Tiagba_S361_L002	291.509	25.989	11.21663011274000538689
GFB-7141_HWNGYDSX5_2_TRICHURIS126Akakro_S89_L002	116.768	14.2168	8.21338135164031286928
GFB-7351_HWNGYDSX5_2_TRICHURIS456Akakro_S299_L002	283.623	24.1846	11.72742158232925084557
GFB-7217_HWNGYDSX5_2_TRICHURIS230Akakro_S165_L002	273.115	29.5145	9.25358721984109505497
GFB-7068_HWNGYDSX5_2_TRICHURIS16Bekpou_S16_L002	323.524	26.3138	12.29484149001664525838
GFB-7659_HWNGYDSX5_3_TRICHURIS890Tiagba_S229_L003	223.511	22.9538	9.73742909670729900931
GFB-7308_HWNGYDSX5_2_TRICHURIS400Akakro_S256_L002	365.409	24.144	15.13456759443339960238
GFB-7219_HWNGYDSX5_2_TRICHURIS232Akakro_S167_L002	125.466	14.5822	8.60405151486058345105
GFB-7087_HWNGYDSX5_2_TRICHURIS39Ahouya_S35_L002	226.282	23.9207	9.45967300288035049141
GFB-7746_HWNGYDSX5_3_TRICHURIS1009Tiagba_S316_L003	207.377	21.4723	9.65788480973160769922
GFB-7140_HWNGYDSX5_2_TRICHURIS125Akakro_S88_L002	266.329	29.8772	8.91412180525618197153
GFB-7136_HWNGYDSX5_2_TRICHURIS91Akakro_S84_L002	105.314	14.9123	7.06222380182802116373
GFB-7159_HWNGYDSX5_2_TRICHURIS157Akakro_S107_L002	177.182	23.7517	7.45976077501820922291
GFB-7691_HWNGYDSX5_3_TRICHURIS942Tiagba_S261_L003	262.354	23.9645	10.94761000646790043606
GFB-7408_HWNGYDSX5_2_TRICHURIS541Tiagba_S356_L002	275.182	20.6607	13.31910341856761871572
GFB-7198_HWNGYDSX5_2_TRICHURIS207Akakro_S146_L002	143.631	11.6577	12.32069790782058210453
GFB-7374_HWNGYDSX5_2_TRICHURIS486Akakro_S322_L002	340.471	29.395	11.58261609117196802177
GFB-7399_HWNGYDSX5_2_TRICHURIS532Akakro_S347_L002	255.204	30.3636	8.40493222147571434217
GFB-7632_HWNGYDSX5_3_TRICHURIS843Tiagba_S202_L003	325.596	24.5393	13.26834913791346941436
GFB-7481_HWNGYDSX5_3_TRICHURIS644Tiagba_S51_L003	305.94	24.4199	12.52830683172330763025
GFB-7726_HWNGYDSX5_3_TRICHURIS977Tiagba_S296_L003	393.466	26.2586	14.98427181951817690204
GFB-7325_HWNGYDSX5_2_TRICHURIS421Akakro_S273_L002	114.097	16.4431	6.93889838290833237041
GFB-7267_HWNGYDSX5_2_TRICHURIS331Akakro_S215_L002	518.187	23.9505	21.63574873175925346026
GFB-7212_HWNGYDSX5_2_TRICHURIS225Akakro_S160_L002	207.706	23.7754	8.73617268268882963062
GFB-7371_HWNGYDSX5_2_TRICHURIS482Akakro_S319_L002	294.676	27.1445	10.85582714730424211166
GFB-7086_HWNGYDSX5_2_TRICHURIS38Ahouya_S34_L002	117.83	13.6561	8.62837852681219381814
GFB-7589_HWNGYDSX5_3_TRICHURIS792Tiagba_S159_L003	135.823	17.0825	7.95100248792624030440
GFB-7789_HWNGYDSX5_3_TRICHURISP-8Tiagba_S359_L003	24.0299	11.4835	2.09255888884051029738
GFB-7781_HWNGYDSX5_3_TRICHURIS1096Teffredji_S351_L003	292.988	26.4534	11.07562732956822185427
GFB-7764_HWNGYDSX5_3_TRICHURIS1073Tiagba_S334_L003	387.022	25.499	15.17792854621749872544
GFB-7583_HWNGYDSX5_3_TRICHURIS786Tiagba_S153_L003	102.915	14.7561	6.97440380588366844898
GFB-7331_HWNGYDSX5_2_TRICHURIS430Akakro_S279_L002	84.1546	14.7764	5.69520316179854362361
GFB-7621_HWNGYDSX5_3_TRICHURIS831Tiagba_S191_L003	165.554	24.2404	6.82967277767693602415
GFB-7189_HWNGYDSX5_2_TRICHURIS196Akakro_S137_L002	138.751	12.963	10.70361798966288667746
GFB-7123_HWNGYDSX5_2_TRICHURIS78Akakro_S71_L002	14.3691	6.45476	2.22612459642186541405
GFB-7804_HWNGYDSX5_3_TRICHURISP-23Tiagba_S374_L003	17.1771	14.4297	1.19039896879353001101
GFB-7603_HWNGYDSX5_3_TRICHURIS809Tiagba_S173_L003	138.835	14.3514	9.67396909012361163370
GFB-7435_HWNGYDSX5_3_TRICHURIS579Tiagba_S5_L003	151.469	13.5487	11.17959656646025079896
GFB-7425_HWNGYDSX5_2_TRICHURIS565Tiagba_S373_L002	247.444	21.5644	11.47465266828662054126
GFB-7354_HWNGYDSX5_2_TRICHURIS459Akakro_S302_L002	252.651	23.4196	10.78801516678337802524
GFB-7722_HWNGYDSX5_3_TRICHURIS973Tiagba_S292_L003	292.803	23.8139	12.29546609333204557002
GFB-7386_HWNGYDSX5_2_TRICHURIS509Akakro_S334_L002	160.067	10.5658	15.14953907891498987298
GFB-7209_HWNGYDSX5_2_TRICHURIS221Akakro_S157_L002	391.711	27.3371	14.32891564942879822658
GFB-7358_HWNGYDSX5_2_TRICHURIS463Akakro_S306_L002	71.4613	19.754	3.61756100030373595221
GFB-7446_HWNGYDSX5_3_TRICHURIS599Tiagba_S16_L003	218.304	21.1072	10.34263189812007277137
GFB-7385_HWNGYDSX5_2_TRICHURIS508Akakro_S333_L002	106.102	18.8609	5.62550037378916170490
GFB-7156_HWNGYDSX5_2_TRICHURIS155Akakro_S104_L002	199.668	15.5397	12.84889669684742948705
GFB-7509_HWNGYDSX5_3_TRICHURIS697Tiagba_S79_L003	225.594	24.359	9.26121761977092655691
GFB-7420_HWNGYDSX5_2_TRICHURIS560Tiagba_S368_L002	296.865	25.4541	11.66275766968779096491
GFB-7128_HWNGYDSX5_2_TRICHURIS83Akakro_S76_L002	50.1322	10.8791	4.60812015699828110781
GFB-7714_HWNGYDSX5_3_TRICHURIS965Tiagba_S284_L003	110.85	15.869	6.98531728527317411305
GFB-7670_HWNGYDSX5_3_TRICHURIS901Tiagba_S240_L003	90.01	14.4341	6.23592742186904621694
GFB-7778_HWNGYDSX5_3_TRICHURIS1093Tiagba_S348_L003	90.1521	10.7778	8.36461058843177642932
GFB-7127_HWNGYDSX5_2_TRICHURIS82Akakro_S75_L002	117.299	19.2772	6.08485672193057082978
GFB-7106_HWNGYDSX5_2_TRICHURIS58Akakro_S54_L002	262.027	27.0042	9.70319431792091600565
GFB-7753_HWNGYDSX5_3_TRICHURIS1027Tiagba_S323_L003	123.364	14.1057	8.74568436873037141013
GFB-7328_HWNGYDSX5_2_TRICHURIS424Akakro_S276_L002	128.087	16.0816	7.96481693363844393592
GFB-7244_HWNGYDSX5_2_TRICHURIS273Akakro_S192_L002	121.726	15.5497	7.82818961137513907020
GFB-7271_HWNGYDSX5_2_TRICHURIS355Akakro_S219_L002	290.556	21.3857	13.58646198160453012994
GFB-7650_HWNGYDSX5_3_TRICHURIS880Tiagba_S220_L003	16.4963	5.14494	3.20631533117976108564
GFB-7768_HWNGYDSX5_3_TRICHURIS1077Tiagba_S338_L003	476.594	32.8705	14.49914056676959583821
GFB-7168_HWNGYDSX5_2_TRICHURIS169Akakro_S116_L002	352.067	24.475	14.38475995914198161389
GFB-7657_HWNGYDSX5_3_TRICHURIS888Tiagba_S227_L003	294.077	24.3733	12.06553892989459777707
GFB-7694_HWNGYDSX5_3_TRICHURIS945Tiagba_S264_L003	101.359	11.606	8.73332758917801137342
GFB-7364_HWNGYDSX5_2_TRICHURIS470Akakro_S312_L002	206.733	14.7917	13.97628399710648539383
GFB-7496_HWNGYDSX5_3_TRICHURIS684Tiagba_S66_L003	90.1446	14.424	6.24962562396006655574
GFB-7202_HWNGYDSX5_2_TRICHURIS212Akakro_S150_L002	290.531	22.3135	13.02041365092880991328
GFB-7430_HWNGYDSX5_2_TRICHURIS574Tiagba_S378_L002	288.257	24.1039	11.95893610577541393716
GFB-7346_HWNGYDSX5_2_TRICHURIS450Akakro_S294_L002	382.042	25.7273	14.84967330423324639585
GFB-7652_HWNGYDSX5_3_TRICHURIS882Tiagba_S222_L003	307.808	21.2658	14.47432027010505130303
GFB-7519_HWNGYDSX5_3_TRICHURIS709Tiagba_S89_L003	355.332	22.4815	15.80552899050330271556
GFB-7487_HWNGYDSX5_3_TRICHURIS650Tiagba_S57_L003	209.416	15.7144	13.32637580817594053861
GFB-7473_HWNGYDSX5_3_TRICHURIS636Tiagba_S43_L003	104.464	14.9211	7.00109241275777255028
GFB-7687_HWNGYDSX5_3_TRICHURIS937Tiagba_S257_L003	365.122	25.9567	14.06658011226388562490
GFB-7569_HWNGYDSX5_3_TRICHURIS769Tiagba_S139_L003	118.324	13.2579	8.92479201080110726434
GFB-7418_HWNGYDSX5_2_TRICHURIS558Tiagba_S366_L002	204.918	23.9068	8.57153613197918583833
GFB-7164_HWNGYDSX5_2_TRICHURIS164Akakro_S112_L002	337.224	27.7615	12.14718224879779550816
GFB-7230_HWNGYDSX5_2_TRICHURIS247Akakro_S178_L002	129.015	15.7061	8.21432437078587300475
GFB-7469_HWNGYDSX5_3_TRICHURIS632Tiagba_S39_L003	335.653	23.5732	14.23875417847386014626
GFB-7492_HWNGYDSX5_3_TRICHURIS655Tiagba_S62_L003	293.384	20.7574	14.13394741152552824534
GFB-7677_HWNGYDSX5_3_TRICHURIS927Tiagba_S247_L003	162.813	14.2662	11.41249947428186903309
GFB-7222_HWNGYDSX5_2_TRICHURIS235Akakro_S170_L002	133.928	13.3906	10.00164294355742087733
GFB-7529_HWNGYDSX5_3_TRICHURIS719Tiagba_S99_L003	255.456	28.4659	8.97410585999388742319
GFB-7203_HWNGYDSX5_2_TRICHURIS213Akakro_S151_L002	256.451	17.7572	14.44208546392449260018
GFB-7474_HWNGYDSX5_3_TRICHURIS637Tiagba_S44_L003	193.451	16.1666	11.96609058181683223435
GFB-7431_HWNGYDSX5_3_TRICHURIS575Tiagba_S1_L003	197.688	28.1932	7.01190357958656697359
GFB-7307_HWNGYDSX5_2_TRICHURIS399Akakro_S255_L002	275.544	23.229	11.86206896551724137931
GFB-7524_HWNGYDSX5_3_TRICHURIS714Tiagba_S94_L003	348.057	28.5812	12.17783018207772941653
GFB-7317_HWNGYDSX5_2_TRICHURIS412Akakro_S265_L002	491.638	32.9571	14.91751398029559639652
GFB-7477_HWNGYDSX5_3_TRICHURIS640Tiagba_S47_L003	281.481	22.7193	12.38951024019225944461
GFB-7502_HWNGYDSX5_3_TRICHURIS690Tiagba_S72_L003	388.145	25.388	15.28852213644241373877
GFB-7693_HWNGYDSX5_3_TRICHURIS944Tiagba_S263_L003	144.404	11.5862	12.46344789490946125563
GFB-7637_HWNGYDSX5_3_TRICHURIS848Tiagba_S207_L003	122.406	14.2872	8.56752897698639341508
GFB-7712_HWNGYDSX5_3_TRICHURIS963Tiagba_S282_L003	459.638	26.7861	17.15957156883607542718
GFB-7604_HWNGYDSX5_3_TRICHURIS810Tiagba_S174_L003	296.165	24.9111	11.88887684606460573800
GFB-7097_HWNGYDSX5_2_TRICHURIS49Ahouya_S45_L002	414.11	22.6639	18.27178905660543860500
GFB-7110_HWNGYDSX5_2_TRICHURIS62Akakro_S58_L002	110.985	16.6698	6.65784832451499118165
GFB-7534_HWNGYDSX5_3_TRICHURIS727Tiagba_S104_L003	321.838	25.2014	12.77063972636440832652
GFB-7077_HWNGYDSX5_2_TRICHURIS29Bekpou_S25_L002	213.032	16.717	12.74343482682299455643
GFB-7754_HWNGYDSX5_3_TRICHURIS1028Tiagba_S324_L003	137.329	16.5425	8.30158682182257820764
GFB-7318_HWNGYDSX5_2_TRICHURIS413Akakro_S266_L002	191.322	18.2448	10.48638516179952644041
GFB-7289_HWNGYDSX5_2_TRICHURIS376Akakro_S237_L002	230.983	28.5254	8.09744999193701052395
GFB-7735_HWNGYDSX5_3_TRICHURIS997Tiagba_S305_L003	264.616	27.6382	9.57428486659768002257
GFB-7453_HWNGYDSX5_3_TRICHURIS610Tiagba_S23_L003	196.03	23.5495	8.32416824136393554003
GFB-7580_HWNGYDSX5_3_TRICHURIS783Tiagba_S150_L003	329.257	28.9733	11.36415251283077868244
GFB-7535_HWNGYDSX5_3_TRICHURIS728Tiagba_S105_L003	239.279	25.0738	9.54298909618805286793
GFB-7562_HWNGYDSX5_3_TRICHURIS762Tiagba_S132_L003	101.511	16.9594	5.98553014847223368751
GFB-7483_HWNGYDSX5_3_TRICHURIS646Tiagba_S53_L003	383.955	22.4555	17.09848366769833671038
GFB-7388_HWNGYDSX5_2_TRICHURIS511Akakro_S336_L002	208.656	18.9726	10.99775465671547389393
GFB-7488_HWNGYDSX5_3_TRICHURIS651Tiagba_S58_L003	297.227	24.2714	12.24597674629399210593
GFB-7423_HWNGYDSX5_2_TRICHURIS562Tiagba_S371_L002	461.002	27.4948	16.76687955540684056621
GFB-7155_HWNGYDSX5_2_TRICHURIS147Akakro_S103_L002	183.032	25.6405	7.13839433708391022015
GFB-7565_HWNGYDSX5_3_TRICHURIS765Tiagba_S135_L003	300.229	25.6203	11.71840298513288290925
GFB-7290_HWNGYDSX5_2_TRICHURIS377Akakro_S238_L002	211.292	23.7756	8.88692609229630377361
GFB-7073_HWNGYDSX5_2_TRICHURIS21Bekpou_S21_L002	121.766	13.9906	8.70341515017225851643
GFB-7357_HWNGYDSX5_2_TRICHURIS462Akakro_S305_L002	370.394	26.7389	13.85225271047051299791
GFB-7797_HWNGYDSX5_3_TRICHURISP-16Tiagba_S367_L003	21.3566	11.6619	1.83131393683705056637
GFB-7511_HWNGYDSX5_3_TRICHURIS699Tiagba_S81_L003	476.025	22.7289	20.94360043820862426250
GFB-7480_HWNGYDSX5_3_TRICHURIS643Tiagba_S50_L003	178.569	20.6065	8.66566374687598573265
GFB-7084_HWNGYDSX5_2_TRICHURIS36Ahouya_S32_L002	136.531	18.3202	7.45248414318620975753
GFB-7805_HWNGYDSX5_3_TRICHURISP-24Tiagba_S375_L003	25.9352	11.9328	2.17343791901314025207
GFB-7182_HWNGYDSX5_2_TRICHURIS188Akakro_S130_L002	304.973	20.8337	14.63844636334400514550
GFB-7570_HWNGYDSX5_3_TRICHURIS770Tiagba_S140_L003	249.421	23.6572	10.54313274605616894645
GFB-7139_HWNGYDSX5_2_TRICHURIS94Akakro_S87_L002	181.858	18.168	10.00979744605900484368
GFB-7173_HWNGYDSX5_2_TRICHURIS174Akakro_S121_L002	263.214	21.0822	12.48512963542704271850
GFB-7197_HWNGYDSX5_2_TRICHURIS206Akakro_S145_L002	210.621	23.3392	9.02434530746555151847
GFB-7493_HWNGYDSX5_3_TRICHURIS656Tiagba_S63_L003	201.726	16.3705	12.32253138267004673039
GFB-7177_HWNGYDSX5_2_TRICHURIS179Akakro_S125_L002	117.753	11.8599	9.92866718943667315913
GFB-7410_HWNGYDSX5_2_TRICHURIS543Tiagba_S358_L002	246.491	23.6887	10.40542537159067403445
GFB-7572_HWNGYDSX5_3_TRICHURIS772Tiagba_S142_L003	215.057	20.8975	10.29103959803804282808
GFB-7225_HWNGYDSX5_2_TRICHURIS239Akakro_S173_L002	175.671	25.488	6.89230225988700564971
GFB-7807_HWNGYDSX5_3_TRICHURISP-26Tiagba_S377_L003	24.6409	12.7311	1.93548868518823982216
GFB-7507_HWNGYDSX5_3_TRICHURIS695Tiagba_S77_L003	567.354	26.5046	21.40586916987994536797
GFB-7682_HWNGYDSX5_3_TRICHURIS932Tiagba_S252_L003	376.267	29.5696	12.72479167793950543801
GFB-7383_HWNGYDSX5_2_TRICHURIS506Akakro_S331_L002	200.596	20.1482	9.95602584846288998520
GFB-7793_HWNGYDSX5_3_TRICHURISP-12Tiagba_S363_L003	24.2893	17.6595	1.37542399275177666411
GFB-7593_HWNGYDSX5_3_TRICHURIS797Tiagba_S163_L003	139.623	18.5378	7.53179988995457929204
GFB-7161_HWNGYDSX5_2_TRICHURIS160Akakro_S109_L002	343.197	28.2561	12.14594370773036618641
GFB-7695_HWNGYDSX5_3_TRICHURIS946Tiagba_S265_L003	297.162	25.887	11.47919805307683393208
GFB-7367_HWNGYDSX5_2_TRICHURIS475Akakro_S315_L002	242.494	27.9829	8.66579232316879236962
GFB-7527_HWNGYDSX5_3_TRICHURIS717Tiagba_S97_L003	170.905	18.2955	9.34136809597988576425
GFB-7658_HWNGYDSX5_3_TRICHURIS889Tiagba_S228_L003	196.855	28.5181	6.90280909317240629635
GFB-7434_HWNGYDSX5_3_TRICHURIS578Tiagba_S4_L003	406.175	24.5668	16.53349235553674064184
GFB-7584_HWNGYDSX5_3_TRICHURIS787Tiagba_S154_L003	182.489	22.1391	8.24283733304425202469
GFB-7260_HWNGYDSX5_2_TRICHURIS324Akakro_S208_L002	388.177	25.0445	15.49949090618698716285
GFB-7135_HWNGYDSX5_2_TRICHURIS90Akakro_S83_L002	149.596	23.297	6.42125595570245095935
GFB-7599_HWNGYDSX5_3_TRICHURIS805Tiagba_S169_L003	359.314	20.3857	17.62578670342445930235
GFB-7286_HWNGYDSX5_2_TRICHURIS372Akakro_S234_L002	369.032	26.1368	14.11924948731290747145
GFB-7622_HWNGYDSX5_3_TRICHURIS832Tiagba_S192_L003	86.793	10.0663	8.62213524333667782601
GFB-7800_HWNGYDSX5_3_TRICHURISP-19Tiagba_S370_L003	23.3516	17.8653	1.30709252013680150907
GFB-7567_HWNGYDSX5_3_TRICHURIS767Tiagba_S137_L003	350.579	25.2108	13.90590540561981373062
GFB-7478_HWNGYDSX5_3_TRICHURIS641Tiagba_S48_L003	411.17	25.7936	15.94077600645121270392
GFB-7214_HWNGYDSX5_2_TRICHURIS227Akakro_S162_L002	140.566	14.3417	9.80120906168724767635
GFB-7105_HWNGYDSX5_2_TRICHURIS57Akakro_S53_L002	239.514	24.5369	9.76137979940416271004
GFB-7476_HWNGYDSX5_3_TRICHURIS639Tiagba_S46_L003	196.476	13.9832	14.05086103323988786543
GFB-7662_HWNGYDSX5_3_TRICHURIS893Tiagba_S232_L003	133.167	13.5922	9.79731022203911066641
GFB-7063_HWNGYDSX5_2_TRICHURIS11Bekpou_S11_L002	285.773	25.2115	11.33502568272415366003
GFB-7115_HWNGYDSX5_2_TRICHURIS67Akakro_S63_L002	243.224	24.2712	10.02109496028214509377
GFB-7609_HWNGYDSX5_3_TRICHURIS815Tiagba_S179_L003	278.411	26.8441	10.37140377215104995138
GFB-7542_HWNGYDSX5_3_TRICHURIS735Tiagba_S112_L003	256.292	12.6549	20.25239235394985341646
GFB-7191_HWNGYDSX5_2_TRICHURIS198Akakro_S139_L002	185.092	16.8175	11.00591645607254348149
GFB-7239_HWNGYDSX5_2_TRICHURIS268Akakro_S187_L002	173.309	21.5196	8.05354188739567649956
GFB-7335_HWNGYDSX5_2_TRICHURIS436Akakro_S283_L002	262.676	23.645	11.10915626982448720659
GFB-7737_HWNGYDSX5_3_TRICHURIS999Tiagba_S307_L003	237.781	24.4559	9.72284806529303767189
GFB-7675_HWNGYDSX5_3_TRICHURIS924Tiagba_S245_L003	153.075	14.1853	10.79110064644385384870
GFB-7281_HWNGYDSX5_2_TRICHURIS365Akakro_S229_L002	91.3042	16.0901	5.67455764724892946594
GFB-7573_HWNGYDSX5_3_TRICHURIS773Tiagba_S143_L003	69.4065	14.3179	4.84753350700870937777
GFB-7545_HWNGYDSX5_3_TRICHURIS739Tiagba_S115_L003	247.062	20.4366	12.08919291858724053903
GFB-7752_HWNGYDSX5_3_TRICHURIS1022Tiagba_S322_L003	205.239	17.4689	11.74882219258224616318
GFB-7763_HWNGYDSX5_3_TRICHURIS1072Tiagba_S333_L003	209.287	25.558	8.18870803662258392675
GFB-7078_HWNGYDSX5_2_TRICHURIS30Bekpou_S26_L002	243.177	14.8192	16.40959026128266033254
GFB-7710_HWNGYDSX5_3_TRICHURIS961Tiagba_S280_L003	293.591	22.2733	13.18129778703649661253
GFB-7259_HWNGYDSX5_2_TRICHURIS323Akakro_S207_L002	214.08	25.5953	8.36403558465812082687
GFB-7788_HWNGYDSX5_3_TRICHURISP-7Tiagba_S358_L003	22.9401	14.5484	1.57681257045448296719
GFB-7122_HWNGYDSX5_2_TRICHURIS77Akakro_S70_L002	304.98	19.4721	15.66240929329656277443
GFB-7360_HWNGYDSX5_2_TRICHURIS465Akakro_S308_L002	266.509	24.6944	10.79228489050149021640
GFB-7587_HWNGYDSX5_3_TRICHURIS790Tiagba_S157_L003	355.461	27.0576	13.13719620365442611318
GFB-7326_HWNGYDSX5_2_TRICHURIS422Akakro_S274_L002	108.668	16.4636	6.60050049806846619208
GFB-7059_HWNGYDSX5_2_TRICHURIS8Bekpou_S7_L002	194.773	25.7681	7.55868690357457476492
GFB-7586_HWNGYDSX5_3_TRICHURIS789Tiagba_S156_L003	222.933	20.4559	10.89822496199140590245
GFB-7597_HWNGYDSX5_3_TRICHURIS803Tiagba_S167_L003	257.661	21.3471	12.07007040769003752266
GFB-7704_HWNGYDSX5_3_TRICHURIS955Tiagba_S274_L003	219.02	23.2533	9.41887818073133705753
GFB-7324_HWNGYDSX5_2_TRICHURIS420Akakro_S272_L002	317.1	27.5366	11.51558289694443032182
GFB-7315_HWNGYDSX5_2_TRICHURIS407Akakro_S263_L002	342.658	23.3596	14.66882994571824860014
GFB-7588_HWNGYDSX5_3_TRICHURIS791Tiagba_S158_L003	185.918	22.5829	8.23268933573633147204
GFB-7320_HWNGYDSX5_2_TRICHURIS415Akakro_S268_L002	183.342	17.6648	10.37894569992301073320
GFB-7613_HWNGYDSX5_3_TRICHURIS819Tiagba_S183_L003	414.633	21.5437	19.24613692169868685508
GFB-7601_HWNGYDSX5_3_TRICHURIS807Tiagba_S171_L003	824.389	60.5595	13.61287659244214367687
GFB-7727_HWNGYDSX5_3_TRICHURIS978Tiagba_S297_L003	230.404	14.5412	15.84490963606855005088
GFB-7560_HWNGYDSX5_3_TRICHURIS757Tiagba_S130_L003	176.464	18.6291	9.47249196150109237698
GFB-7145_HWNGYDSX5_2_TRICHURIS130Akakro_S93_L002	359.244	25.2941	14.20267967628814624754
GFB-7387_HWNGYDSX5_2_TRICHURIS510Akakro_S335_L002	92.1397	19.8077	4.65171120321895020623
GFB-7292_HWNGYDSX5_2_TRICHURIS379Akakro_S240_L002	61.7531	14.3039	4.31722117744111745747
GFB-7732_HWNGYDSX5_3_TRICHURIS992Tiagba_S302_L003	61.4813	12.2824	5.00564221976161010877
GFB-7547_HWNGYDSX5_3_TRICHURIS741Tiagba_S117_L003	297.464	21.3744	13.91683509244703944906
GFB-7166_HWNGYDSX5_2_TRICHURIS167Akakro_S114_L002	283.549	20.4346	13.87592612529728989067
GFB-7373_HWNGYDSX5_2_TRICHURIS485Akakro_S321_L002	212.272	22.8573	9.28683615300144811504
GFB-7233_HWNGYDSX5_2_TRICHURIS250Akakro_S181_L002	304.002	28.7814	10.56244658008297025162
GFB-7723_HWNGYDSX5_3_TRICHURIS974Tiagba_S293_L003	220.608	25.4831	8.65703152285240021818
GFB-7656_HWNGYDSX5_3_TRICHURIS887Tiagba_S226_L003	98.9701	14.4289	6.85915766274629389627
GFB-7577_HWNGYDSX5_3_TRICHURIS777Tiagba_S147_L003	373.175	59.8178	6.23852766233462280458
GFB-7738_HWNGYDSX5_3_TRICHURIS1001Tiagba_S308_L003	263.748	25.8274	10.21194545327830133888
GFB-7785_HWNGYDSX5_3_TRICHURISP-4Tiagba_S355_L003	19.2893	17.5988	1.09605768575130122508
GFB-7681_HWNGYDSX5_3_TRICHURIS931Tiagba_S251_L003	211.132	21.0892	10.01138023253608482066
GFB-7332_HWNGYDSX5_2_TRICHURIS431Akakro_S280_L002	204.681	12.4979	16.37723137487097832435
GFB-7579_HWNGYDSX5_3_TRICHURIS782Tiagba_S149_L003	236.382	27.6467	8.55009820340221436916
GFB-7513_HWNGYDSX5_3_TRICHURIS702Tiagba_S83_L003	336.965	25.0388	13.45771362844864769877
GFB-7436_HWNGYDSX5_3_TRICHURIS580Tiagba_S6_L003	455.032	27.6941	16.43064768308051173354
GFB-7348_HWNGYDSX5_2_TRICHURIS452Akakro_S296_L002	386.833	28.7701	13.44566059902468187458
GFB-7626_HWNGYDSX5_3_TRICHURIS836Tiagba_S196_L003	327.858	21.7436	15.07836788756231718758
GFB-7112_HWNGYDSX5_2_TRICHURIS64Akakro_S60_L002	357.451	24.6204	14.51848873292066741401
GFB-7582_HWNGYDSX5_3_TRICHURIS785Tiagba_S152_L003	345.2	24.0236	14.36920361644383023360
GFB-7143_HWNGYDSX5_2_TRICHURIS128Akakro_S91_L002	131.853	15.4407	8.53931492743204647457
GFB-7790_HWNGYDSX5_3_TRICHURISP-9Tiagba_S360_L003	25.0125	19.8174	1.26214841502921674891
GFB-7403_HWNGYDSX5_2_TRICHURIS536Tiagba_S351_L002	302.898	23.0815	13.12297727617355891081
GFB-7345_HWNGYDSX5_2_TRICHURIS446Akakro_S293_L002	302.204	18.6542	16.20031949909403780381
GFB-7306_HWNGYDSX5_2_TRICHURIS397Akakro_S254_L002	112.748	8.54733	13.19101988574209723972
GFB-7672_HWNGYDSX5_3_TRICHURIS913Tiagba_S242_L003	1.24439	3.28861	.37839391110529980751
GFB-7646_HWNGYDSX5_3_TRICHURIS874Tiagba_S216_L003	150.97	15.1948	9.93563587543106852344
GFB-7366_HWNGYDSX5_2_TRICHURIS474Akakro_S314_L002	145.349	21.1303	6.87870025508393160532
GFB-7459_HWNGYDSX5_3_TRICHURIS618Tiagba_S29_L003	327.227	22.3651	14.63114405927091763506
GFB-7525_HWNGYDSX5_3_TRICHURIS715Tiagba_S95_L003	267.601	34.0501	7.85903712470741642462
GFB-7067_HWNGYDSX5_2_TRICHURIS15Bekpou_S15_L002	163.541	16.3478	10.00385372955382375610
GFB-7201_HWNGYDSX5_2_TRICHURIS211Akakro_S149_L002	253.382	22.1432	11.44288088442501535460
GFB-7224_HWNGYDSX5_2_TRICHURIS238Akakro_S172_L002	347.461	27.6784	12.55350742817503901959
GFB-7240_HWNGYDSX5_2_TRICHURIS269Akakro_S188_L002	122.239	15.88	7.69767002518891687657
GFB-7452_HWNGYDSX5_3_TRICHURIS609Tiagba_S22_L003	187.329	15.2316	12.29870794926337351295
GFB-7581_HWNGYDSX5_3_TRICHURIS784Tiagba_S151_L003	228.322	23.5061	9.71330846035709879563
GFB-7803_HWNGYDSX5_3_TRICHURISP-22Tiagba_S373_L003	23.7257	18.2916	1.29708172057119114784
GFB-7757_HWNGYDSX5_3_TRICHURIS1040Tiagba_S327_L003	179.135	21.9298	8.16856514879296664812
GFB-7116_HWNGYDSX5_2_TRICHURIS68Akakro_S64_L002	299.753	25.9105	11.56878485556048706123
GFB-7216_HWNGYDSX5_2_TRICHURIS229Akakro_S164_L002	72.7431	11.1558	6.52065293389985478405
GFB-7132_HWNGYDSX5_2_TRICHURIS87Akakro_S80_L002	388.319	25.4772	15.24182406229883974691
GFB-7678_HWNGYDSX5_3_TRICHURIS928Tiagba_S248_L003	618.112	23.8345	25.93349975875306803163
GFB-7274_HWNGYDSX5_2_TRICHURIS358Akakro_S222_L002	276.082	26.2921	10.50056861186440033317
GFB-7210_HWNGYDSX5_2_TRICHURIS222Akakro_S158_L002	298.152	28.2533	10.55282037850445788633
GFB-7742_HWNGYDSX5_3_TRICHURIS1005Tiagba_S312_L003	125.299	19.8709	6.30565299005077777050
GFB-7133_HWNGYDSX5_2_TRICHURIS88Akakro_S81_L002	192.454	25.0892	7.67079061907115412209
GFB-7638_HWNGYDSX5_3_TRICHURIS849Tiagba_S208_L003	78.5387	12.6592	6.20408082659251769464
GFB-7343_HWNGYDSX5_2_TRICHURIS444Akakro_S291_L002	143.07	18.1821	7.86872803471546191034
GFB-7489_HWNGYDSX5_3_TRICHURIS652Tiagba_S59_L003	89.788	16.4154	5.46974182779585023819
GFB-7440_HWNGYDSX5_3_TRICHURIS587Tiagba_S10_L003	205.454	24.1461	8.50878609796198972090
GFB-7549_HWNGYDSX5_3_TRICHURIS744Tiagba_S119_L003	304.676	15.878	19.18856279128353696939
GFB-7384_HWNGYDSX5_2_TRICHURIS507Akakro_S332_L002	117.489	15.6079	7.52753413335554430769
GFB-7165_HWNGYDSX5_2_TRICHURIS166Akakro_S113_L002	174.257	21.4017	8.14220365671885878224
GFB-7310_HWNGYDSX5_2_TRICHURIS402Akakro_S258_L002	297.813	25.8586	11.51698081102611897009
GFB-7249_HWNGYDSX5_2_TRICHURIS279Akakro_S197_L002	223.082	25.6874	8.68449122916293591410
GFB-7109_HWNGYDSX5_2_TRICHURIS61Akakro_S57_L002	120.135	13.5639	8.85696591688231260920
GFB-7226_HWNGYDSX5_2_TRICHURIS240Akakro_S174_L002	240.741	29.4073	8.18643670109122564805
GFB-7406_HWNGYDSX5_2_TRICHURIS539Tiagba_S354_L002	227.781	26.5086	8.59272085285529978950
GFB-7438_HWNGYDSX5_3_TRICHURIS582Tiagba_S8_L003	325.82	25.1826	12.93829866653959479958
GFB-7057_HWNGYDSX5_2_TRICHURIS6Bekpou_S5_L002	331.711	26.9121	12.32571965770043957922
GFB-7782_HWNGYDSX5_3_TRICHURISP-1Tiagba_S352_L003	23.1347	11.6557	1.98484003534751237591
GFB-7302_HWNGYDSX5_2_TRICHURIS390Akakro_S250_L002	99.414	12.1473	8.18404089797732829517
GFB-7644_HWNGYDSX5_3_TRICHURIS872Tiagba_S214_L003	93.409	12.347	7.56531951081234307929
GFB-7617_HWNGYDSX5_3_TRICHURIS823Tiagba_S187_L003	68.7182	14.5066	4.73703004149835247404
GFB-7564_HWNGYDSX5_3_TRICHURIS764Tiagba_S134_L003	129.209	14.1311	9.14359108632732059075
GFB-7245_HWNGYDSX5_2_TRICHURIS274Akakro_S193_L002	108.958	15.3147	7.11460231019869798298
GFB-7540_HWNGYDSX5_3_TRICHURIS733Tiagba_S110_L003	128.057	14.3234	8.94040521105324154879
GFB-7316_HWNGYDSX5_2_TRICHURIS408Akakro_S264_L002	375.372	36.3874	10.31598850151426043080
GFB-7419_HWNGYDSX5_2_TRICHURIS559Tiagba_S367_L002	116.117	15.6199	7.43391442966984423715
GFB-7654_HWNGYDSX5_3_TRICHURIS885Tiagba_S224_L003	391.352	27.9446	14.00456617736521546202
GFB-7150_HWNGYDSX5_2_TRICHURIS137Akakro_S98_L002	98.8254	17.0188	5.80683714480456906479
GFB-7082_HWNGYDSX5_2_TRICHURIS34Ahouya_S30_L002	241.696	22.611	10.68931051258237141214
GFB-7718_HWNGYDSX5_3_TRICHURIS969Tiagba_S288_L003	247.599	15.0619	16.43876270590031802096
GFB-7103_HWNGYDSX5_2_TRICHURIS55Akakro_S51_L002	158.948	21.5329	7.38163461493807150917
GFB-7228_HWNGYDSX5_2_TRICHURIS245Akakro_S176_L002	93.2643	13.5755	6.87004530219881403999
GFB-7392_HWNGYDSX5_2_TRICHURIS519Akakro_S340_L002	97.5985	10.2607	9.51187540811055775921
GFB-7461_HWNGYDSX5_3_TRICHURIS621Tiagba_S31_L003	143.312	25.2411	5.67772402945988883210
GFB-7557_HWNGYDSX5_3_TRICHURIS753Tiagba_S127_L003	172.584	15.833	10.90027158466494031453
GFB-7556_HWNGYDSX5_3_TRICHURIS751Tiagba_S126_L003	245.815	15.4369	15.92385776937079335877
GFB-7341_HWNGYDSX5_2_TRICHURIS442Akakro_S289_L002	238.127	19.3624	12.29842374912200966822
GFB-7118_HWNGYDSX5_2_TRICHURIS70Akakro_S66_L002	242.242	21.3366	11.35335526747466794147
GFB-7442_HWNGYDSX5_3_TRICHURIS590Tiagba_S12_L003	447.843	27.0452	16.55905669028145474982
GFB-7698_HWNGYDSX5_3_TRICHURIS949Tiagba_S268_L003	181.496	22.5914	8.03385359030427507812
GFB-7498_HWNGYDSX5_3_TRICHURIS686Tiagba_S68_L003	381.392	24.2922	15.70018359802735034290
GFB-7238_HWNGYDSX5_2_TRICHURIS267Akakro_S186_L002	164.93	13.817	11.93674458999782876167
GFB-7415_HWNGYDSX5_2_TRICHURIS549Tiagba_S363_L002	410.539	23.5558	17.42836159247404036373
GFB-7445_HWNGYDSX5_3_TRICHURIS598Tiagba_S15_L003	171.584	14.1525	12.12393570040628864158
GFB-7339_HWNGYDSX5_2_TRICHURIS440Akakro_S287_L002	324.579	29.885	10.86093357871842061234
GFB-7305_HWNGYDSX5_2_TRICHURIS396Akakro_S253_L002	182.651	20.159	9.06051887494419366039
GFB-7200_HWNGYDSX5_2_TRICHURIS209Akakro_S148_L002	9.21696	2.74182	3.36162111298334682801
GFB-7129_HWNGYDSX5_2_TRICHURIS84Akakro_S77_L002	107.449	14.848	7.23659752155172413793
GFB-7334_HWNGYDSX5_2_TRICHURIS435Akakro_S282_L002	131.227	15.6314	8.39508937139347723172
GFB-7184_HWNGYDSX5_2_TRICHURIS190Akakro_S132_L002	526.938	25.5689	20.60855179534512630578
GFB-7651_HWNGYDSX5_3_TRICHURIS881Tiagba_S221_L003	336.304	24.6703	13.63193799832186880581
GFB-7500_HWNGYDSX5_3_TRICHURIS688Tiagba_S70_L003	320.501	24.7541	12.94739053328539514666
GFB-7138_HWNGYDSX5_2_TRICHURIS93Akakro_S86_L002	465.075	58.8876	7.89767285472663175269
GFB-7664_HWNGYDSX5_3_TRICHURIS895Tiagba_S234_L003	147.107	20.6324	7.12990248347259649871
GFB-7223_HWNGYDSX5_2_TRICHURIS237Akakro_S171_L002	274.778	24.9621	11.00780783668040749776
GFB-7756_HWNGYDSX5_3_TRICHURIS1037Tiagba_S326_L003	262.868	22.9568	11.45055059938667410091
GFB-7543_HWNGYDSX5_3_TRICHURIS736Tiagba_S113_L003	99.0873	12.5048	7.92394120657667455697
GFB-7590_HWNGYDSX5_3_TRICHURIS793Tiagba_S160_L003	708.636	40.1412	17.65358285253056709814
GFB-7454_HWNGYDSX5_3_TRICHURIS612Tiagba_S24_L003	321.03	20.4591	15.69130606918192882384
GFB-7648_HWNGYDSX5_3_TRICHURIS878Tiagba_S218_L003	439.04	23.2815	18.85789145888366299422
GFB-7668_HWNGYDSX5_3_TRICHURIS899Tiagba_S238_L003	125.431	13.8119	9.08137186049710756666
GFB-7468_HWNGYDSX5_3_TRICHURIS631Tiagba_S38_L003	290.045	23.3267	12.43403481846982213514
GFB-7131_HWNGYDSX5_2_TRICHURIS86Akakro_S79_L002	26.1845	16.8003	1.55857335880906888567
GFB-7205_HWNGYDSX5_2_TRICHURIS215Akakro_S153_L002	136.833	14.1587	9.66423471081384590393
GFB-7786_HWNGYDSX5_3_TRICHURISP-5Tiagba_S356_L003	23.389	12.7344	1.83667860283955270762
GFB-7064_HWNGYDSX5_2_TRICHURIS12Bekpou_S12_L002	296.616	18.7023	15.85986750292744742625
GFB-7640_HWNGYDSX5_3_TRICHURIS852Tiagba_S210_L003	191.197	19.7229	9.69416262314365534480
GFB-7451_HWNGYDSX5_3_TRICHURIS608Tiagba_S21_L003	85.6534	14.4574	5.92453691535130798068
GFB-7497_HWNGYDSX5_3_TRICHURIS685Tiagba_S67_L003	439.027	35.5999	12.33225374228579293762
GFB-7276_HWNGYDSX5_2_TRICHURIS360Akakro_S224_L002	348.344	24.6143	14.15209857684354216857
GFB-7550_HWNGYDSX5_3_TRICHURIS745Tiagba_S120_L003	233.698	18.0401	12.95436278069412032084
GFB-7080_HWNGYDSX5_2_TRICHURIS32Bekpou_S28_L002	72.4464	14.4625	5.00925842696629213483
GFB-7174_HWNGYDSX5_2_TRICHURIS175Akakro_S122_L002	228.818	20.3942	11.21975855880593502074
GFB-7424_HWNGYDSX5_2_TRICHURIS564Tiagba_S372_L002	309.229	22.3442	13.83934085803027183788
GFB-7427_HWNGYDSX5_2_TRICHURIS570Tiagba_S375_L002	196.766	21.8835	8.99152329380583544679
GFB-7372_HWNGYDSX5_2_TRICHURIS483Akakro_S320_L002	126.925	17.2127	7.37391577149430362464
GFB-7194_HWNGYDSX5_2_TRICHURIS203Akakro_S142_L002	188.082	19.3295	9.73030859566983108719
GFB-7641_HWNGYDSX5_3_TRICHURIS853Tiagba_S211_L003	119.875	13.1405	9.12256002435219359993
GFB-7623_HWNGYDSX5_3_TRICHURIS833Tiagba_S193_L003	283.112	26.9601	10.50114799277450751295
GFB-7462_HWNGYDSX5_3_TRICHURIS622Tiagba_S32_L003	195.359	21.457	9.10467446520948874493
GFB-7484_HWNGYDSX5_3_TRICHURIS647Tiagba_S54_L003	189.274	24.0216	7.87932527392013854197
GFB-7620_HWNGYDSX5_3_TRICHURIS830Tiagba_S190_L003	383.945	20.8403	18.42319928216004568072
GFB-7516_HWNGYDSX5_3_TRICHURIS706Tiagba_S86_L003	307.883	21.7744	14.13967778675876258358
GFB-7708_HWNGYDSX5_3_TRICHURIS959Tiagba_S278_L003	160.254	14.8426	10.79689542263484834193
GFB-7655_HWNGYDSX5_3_TRICHURIS886Tiagba_S225_L003	140.147	13.2004	10.61687524620466046483
GFB-7503_HWNGYDSX5_3_TRICHURIS691Tiagba_S73_L003	223.521	21.734	10.28439311677555903193
GFB-7344_HWNGYDSX5_2_TRICHURIS445Akakro_S292_L002	376.277	23.8887	15.75125477736335589630
GFB-7241_HWNGYDSX5_2_TRICHURIS270Akakro_S189_L002	735.424	39.6628	18.54190828685821475034
GFB-7125_HWNGYDSX5_2_TRICHURIS80Akakro_S73_L002	339.953	27.4815	12.37024907665156559867
GFB-7083_HWNGYDSX5_2_TRICHURIS35Ahouya_S31_L002	187.449	24.9569	7.51090880678289370875
GFB-7692_HWNGYDSX5_3_TRICHURIS943Tiagba_S262_L003	194.202	25.1589	7.71901792208721366991
GFB-7663_HWNGYDSX5_3_TRICHURIS894Tiagba_S233_L003	135.581	13.2159	10.25893053064868832239
GFB-7707_HWNGYDSX5_3_TRICHURIS958Tiagba_S277_L003	196.209	25.212	7.78236554021894336030
GFB-7070_HWNGYDSX5_2_TRICHURIS18Bekpou_S18_L002	154.633	23.102	6.69348974114795255822
GFB-7485_HWNGYDSX5_3_TRICHURIS648Tiagba_S55_L003	154.456	13.9168	11.09852839733272016555
GFB-7506_HWNGYDSX5_3_TRICHURIS694Tiagba_S76_L003	369.741	23.568	15.68826374745417515274
GFB-7380_HWNGYDSX5_2_TRICHURIS500Akakro_S328_L002	175.137	15.0307	11.65195233754914940754
GFB-7167_HWNGYDSX5_2_TRICHURIS168Akakro_S115_L002	208.526	16.034	13.00523886740676063365
GFB-7137_HWNGYDSX5_2_TRICHURIS92Akakro_S85_L002	338.988	23.6482	14.33462166253668355308
GFB-7192_HWNGYDSX5_2_TRICHURIS200Akakro_S140_L002	282.908	27.5223	10.27922811683616558209
GFB-7779_HWNGYDSX5_3_TRICHURIS1094Tiagba_S349_L003	141.668	17.5145	8.08861229267178623426
GFB-7060_HWNGYDSX5_2_TRICHURIS9Bekpou_S8_L002	141.155	16.4532	8.57918216517151678700
GFB-7400_HWNGYDSX5_2_TRICHURIS533Akakro_S348_L002	15.2793	5.13221	2.97713850368554677224
GFB-7096_HWNGYDSX5_2_TRICHURIS48Ahouya_S44_L002	261.247	24.3334	10.73614866808584086070
GFB-7149_HWNGYDSX5_2_TRICHURIS134Akakro_S97_L002	215.726	25.894	8.33111917818799721943
GFB-7169_HWNGYDSX5_2_TRICHURIS170Akakro_S117_L002	222.693	28.0805	7.93052118017841562650
GFB-7333_HWNGYDSX5_2_TRICHURIS434Akakro_S281_L002	114.718	13.0613	8.78304609801474585225
GFB-7170_HWNGYDSX5_2_TRICHURIS171Akakro_S118_L002	310.125	28.0411	11.05965885789073895103
GFB-7363_HWNGYDSX5_2_TRICHURIS468Akakro_S311_L002	71.7431	13.0583	5.49406124840139987594
GFB-7280_HWNGYDSX5_2_TRICHURIS364Akakro_S228_L002	347.983	24.0548	14.46626037215025691338
GFB-7471_HWNGYDSX5_3_TRICHURIS634Tiagba_S41_L003	266.105	18.6813	14.24445836210542092895
GFB-7798_HWNGYDSX5_3_TRICHURISP-17Tiagba_S368_L003	20.5561	17.1919	1.19568517732187832642
GFB-7144_HWNGYDSX5_2_TRICHURIS129Akakro_S92_L002	307.237	24.7481	12.41456919925165972337
GFB-7725_HWNGYDSX5_3_TRICHURIS976Tiagba_S295_L003	455.746	18.6098	24.48957001149931756386
GFB-7102_HWNGYDSX5_2_TRICHURIS54NDoumikro_S50_L002	193.419	18.365	10.53193574734549414647
GFB-7076_HWNGYDSX5_2_TRICHURIS28Bekpou_S24_L002	144.065	16.3255	8.82453829898012312027
GFB-7349_HWNGYDSX5_2_TRICHURIS453Akakro_S297_L002	74.4364	4.59627	16.19495808557808831944
GFB-7277_HWNGYDSX5_2_TRICHURIS361Akakro_S225_L002	51.9426	9.80494	5.29759488584325860229
GFB-7600_HWNGYDSX5_3_TRICHURIS806Tiagba_S170_L003	381.2	29.1811	13.06324984322044062766
GFB-7107_HWNGYDSX5_2_TRICHURIS59Akakro_S55_L002	289.165	25.3992	11.38480739550851995338
GFB-7553_HWNGYDSX5_3_TRICHURIS748Tiagba_S123_L003	174.314	13.9521	12.49374646110621340156
GFB-7636_HWNGYDSX5_3_TRICHURIS846Tiagba_S206_L003	161.848	14.7929	10.94092436236302550547
GFB-7196_HWNGYDSX5_2_TRICHURIS205Akakro_S144_L002	285.613	20.8569	13.69393342251245391213
GFB-7208_HWNGYDSX5_2_TRICHURIS220Akakro_S156_L002	284.965	22.185	12.84494027496055893621
GFB-7470_HWNGYDSX5_3_TRICHURIS633Tiagba_S40_L003	239.796	24.4587	9.80411877982067730500
GFB-7121_HWNGYDSX5_2_TRICHURIS76Akakro_S69_L002	82.606	12.025	6.86952182952182952182
GFB-7660_HWNGYDSX5_3_TRICHURIS891Tiagba_S230_L003	167.257	15.5276	10.77159380715628944588
GFB-7777_HWNGYDSX5_3_TRICHURIS1092Tiagba_S347_L003	274.793	25.4956	10.77805582139663314454
GFB-7767_HWNGYDSX5_3_TRICHURIS1076Tiagba_S337_L003	288.087	20.3192	14.17806803417457380211
GFB-7776_HWNGYDSX5_3_TRICHURIS1090Tiagba_S346_L003	135.214	22.9818	5.88352522430793062336
GFB-7085_HWNGYDSX5_2_TRICHURIS37Ahouya_S33_L002	215.913	22.4143	9.63282368844889200198
GFB-7382_HWNGYDSX5_2_TRICHURIS505Akakro_S330_L002	83.8155	15.6	5.37278846153846153846
GFB-7616_HWNGYDSX5_3_TRICHURIS822Tiagba_S186_L003	407.182	23.4738	17.34623282127307892203
GFB-7207_HWNGYDSX5_2_TRICHURIS219Akakro_S155_L002	309.057	19.898	15.53206352397225851844
GFB-7711_HWNGYDSX5_3_TRICHURIS962Tiagba_S281_L003	277.082	25.5412	10.84843311982209136610
GFB-7195_HWNGYDSX5_2_TRICHURIS204Akakro_S143_L002	368.581	26.826	13.73969283530902855438
GFB-7378_HWNGYDSX5_2_TRICHURIS498Akakro_S326_L002	91.5511	10.7829	8.49039683202107039850
GFB-7544_HWNGYDSX5_3_TRICHURIS738Tiagba_S114_L003	323.763	26.197	12.35878153987097759285
GFB-7515_HWNGYDSX5_3_TRICHURIS705Tiagba_S85_L003	230.589	24.5004	9.41164225890189547925
GFB-7232_HWNGYDSX5_2_TRICHURIS249Akakro_S180_L002	333.237	28.9908	11.49457759013204188915
GFB-7734_HWNGYDSX5_3_TRICHURIS996Tiagba_S304_L003	105.616	13.5908	7.77113930011478353003
GFB-7743_HWNGYDSX5_3_TRICHURIS1006Tiagba_S313_L003	86.8504	14.6844	5.91446705347171147612
GFB-7397_HWNGYDSX5_2_TRICHURIS527Akakro_S345_L002	352.868	21.2626	16.59571265978760828873
GFB-7702_HWNGYDSX5_3_TRICHURIS953Tiagba_S272_L003	179.007	22.0682	8.11153605640695661630
GFB-7069_HWNGYDSX5_2_TRICHURIS17Bekpou_S17_L002	120.703	14.5918	8.27197467070546471305
GFB-7353_HWNGYDSX5_2_TRICHURIS458Akakro_S301_L002	175.384	24.4475	7.17390326209223847019
GFB-7585_HWNGYDSX5_3_TRICHURIS788Tiagba_S155_L003	123.741	18.555	6.66887631366208569118
GFB-7437_HWNGYDSX5_3_TRICHURIS581Tiagba_S7_L003	240.195	25.1042	9.56792090566518749850
GFB-7457_HWNGYDSX5_3_TRICHURIS616Tiagba_S27_L003	135.865	16.7804	8.09664847083502181116
GFB-7448_HWNGYDSX5_3_TRICHURIS601Tiagba_S18_L003	331.953	22.6117	14.68058571447524953895
GFB-7517_HWNGYDSX5_3_TRICHURIS707Tiagba_S87_L003	188.431	22.0886	8.53069003920574413951
GFB-7791_HWNGYDSX5_3_TRICHURISP-10Tiagba_S361_L003	17.5636	15.8902	1.10531019118702093113
GFB-7126_HWNGYDSX5_2_TRICHURIS81Akakro_S74_L002	189.925	19.6599	9.66052726616106897797
GFB-7771_HWNGYDSX5_3_TRICHURIS1083Tiagba_S341_L003	125.905	14.4652	8.70399303155158587506
GFB-7494_HWNGYDSX5_3_TRICHURIS682Tiagba_S64_L003	132.112	15.6993	8.41515226793551304835
GFB-7262_HWNGYDSX5_2_TRICHURIS326Akakro_S210_L002	236.751	24.2582	9.75962767229225581452
GFB-7321_HWNGYDSX5_2_TRICHURIS416Akakro_S269_L002	547.369	33.6849	16.24968457676881926323
GFB-7079_HWNGYDSX5_2_TRICHURIS31Bekpou_S27_L002	130.606	13.7407	9.50504705000473047224
GFB-7568_HWNGYDSX5_3_TRICHURIS768Tiagba_S138_L003	88.2369	12.1314	7.27343093130224046688
GFB-7463_HWNGYDSX5_3_TRICHURIS623Tiagba_S33_L003	201.2	17.5738	11.44886137318053010731
GFB-7631_HWNGYDSX5_3_TRICHURIS842Tiagba_S201_L003	313.279	23.0466	13.59328490970468528980
GFB-7296_HWNGYDSX5_2_TRICHURIS384Akakro_S244_L002	154.062	14.5067	10.62005831788070339911
GFB-7246_HWNGYDSX5_2_TRICHURIS275Akakro_S194_L002	226.204	14.1997	15.93019570836003577540
GFB-7769_HWNGYDSX5_3_TRICHURIS1078Tiagba_S339_L003	130.062	13.168	9.87712636695018226002
GFB-7094_HWNGYDSX5_2_TRICHURIS46Ahouya_S42_L002	209.352	14.6613	14.27922489820138732581
GFB-7081_HWNGYDSX5_2_TRICHURIS33Bekpou_S29_L002	89.8928	20.0133	4.49165305072127035521
GFB-7381_HWNGYDSX5_2_TRICHURIS504Akakro_S329_L002	161.603	10.4447	15.47224908326711154939
GFB-7091_HWNGYDSX5_2_TRICHURIS43Ahouya_S39_L002	236.711	25.6805	9.21753859932633710402
GFB-7508_HWNGYDSX5_3_TRICHURIS696Tiagba_S78_L003	223.19	13.6672	16.33033832826036057129
GFB-7765_HWNGYDSX5_3_TRICHURIS1074Tiagba_S335_L003	263.055	23.1179	11.37884496429173930158
GFB-7595_HWNGYDSX5_3_TRICHURIS799Tiagba_S165_L003	257.496	19.6376	13.11239662687904835621
GFB-7283_HWNGYDSX5_2_TRICHURIS368Akakro_S231_L002	264.743	21.0399	12.58290200999054178014
GFB-7175_HWNGYDSX5_2_TRICHURIS176Akakro_S123_L002	237.067	21.3511	11.10326868404906538773
GFB-7215_HWNGYDSX5_2_TRICHURIS228Akakro_S163_L002	105.618	12.5824	8.39410605289928789420
GFB-7783_HWNGYDSX5_3_TRICHURISP-2Tiagba_S353_L003	19.1222	17.0237	1.12326932452992005263
GFB-7101_HWNGYDSX5_2_TRICHURIS53NDoumikro_S49_L002	95.3317	15.2364	6.25683888582604814785
GFB-7146_HWNGYDSX5_2_TRICHURIS131Akakro_S94_L002	327.9	23.118	14.18375291980275110303
GFB-7330_HWNGYDSX5_2_TRICHURIS429Akakro_S278_L002	181.017	16.5034	10.96846710374831852830
GFB-7258_HWNGYDSX5_2_TRICHURIS322Akakro_S206_L002	206.107	15.4101	13.37479964438906950636
GFB-7313_HWNGYDSX5_2_TRICHURIS405Akakro_S261_L002	125.753	17.5384	7.17015235141175933950
GFB-7066_HWNGYDSX5_2_TRICHURIS14Bekpou_S14_L002	148.122	16.1996	9.14355910022469690609
GFB-7759_HWNGYDSX5_3_TRICHURIS1062Tiagba_S329_L003	1.601	1.7689	.90508225450845158007
GFB-7455_HWNGYDSX5_3_TRICHURIS613Tiagba_S25_L003	170.025	23.0378	7.38026200418442733247
GFB-7072_HWNGYDSX5_2_TRICHURIS20Bekpou_S20_L002	346.132	23.7087	14.59936647728470983225
GFB-7243_HWNGYDSX5_2_TRICHURIS272Akakro_S191_L002	133.509	14.6636	9.10479009247388090237
GFB-7055_HWNGYDSX5_2_TRICHURIS4Bekpou_S3_L002	296.973	28.8729	10.28552725912533898569
GFB-7611_HWNGYDSX5_3_TRICHURIS817Tiagba_S181_L003	284.436	23.0433	12.34354454440119253752
GFB-7278_HWNGYDSX5_2_TRICHURIS362Akakro_S226_L002	181.204	14.1827	12.77641069753996065629
GFB-7242_HWNGYDSX5_2_TRICHURIS271Akakro_S190_L002	125.823	14.7832	8.51121543373559175280
GFB-7773_HWNGYDSX5_3_TRICHURIS1086Tiagba_S343_L003	196.319	19.9429	9.84405477638658369645
GFB-7740_HWNGYDSX5_3_TRICHURIS1003Tiagba_S310_L003	325.82	25.8071	12.62520779165423468735
GFB-7300_HWNGYDSX5_2_TRICHURIS388Akakro_S248_L002	219.287	21.0502	10.41733570227361260225
GFB-7464_HWNGYDSX5_3_TRICHURIS624Tiagba_S34_L003	335.713	24.8799	13.49334201504025337722
GFB-7697_HWNGYDSX5_3_TRICHURIS948Tiagba_S267_L003	190.411	13.8295	13.76846596044687081962
GFB-7220_HWNGYDSX5_2_TRICHURIS233Akakro_S168_L002	257.11	24.8616	10.34165138205103452714
GFB-7533_HWNGYDSX5_3_TRICHURIS726Tiagba_S103_L003	201.082	14.9544	13.44634355106189482694
GFB-7235_HWNGYDSX5_2_TRICHURIS264Akakro_S183_L002	409.424	26.4278	15.49217112283277457828
GFB-7605_HWNGYDSX5_3_TRICHURIS811Tiagba_S175_L003	344.656	31.2442	11.03103936090538403927
GFB-7162_HWNGYDSX5_2_TRICHURIS161Akakro_S110_L002	142.327	17.1741	8.28730472048025806301
GFB-7491_HWNGYDSX5_3_TRICHURIS654Tiagba_S61_L003	227.192	21.8659	10.39024234081377853186
GFB-7396_HWNGYDSX5_2_TRICHURIS526Akakro_S344_L002	98.01	13.6074	7.20269853168129106221
GFB-7412_HWNGYDSX5_2_TRICHURIS545Tiagba_S360_L002	204.152	19.7722	10.32520407440750144141
GFB-7391_HWNGYDSX5_2_TRICHURIS518Akakro_S339_L002	43.2693	6.2701	6.90089472257220777978
GFB-7558_HWNGYDSX5_3_TRICHURIS754Tiagba_S128_L003	130.673	16.9712	7.69969124163288394456
GFB-7701_HWNGYDSX5_3_TRICHURIS952Tiagba_S271_L003	223.546	25.9054	8.62932052776641163618
GFB-7475_HWNGYDSX5_3_TRICHURIS638Tiagba_S45_L003	224.571	16.5721	13.55114922067812769655
GFB-7748_HWNGYDSX5_3_TRICHURIS1012Tiagba_S318_L003	153.329	25.3183	6.05605431644304712401
GFB-7180_HWNGYDSX5_2_TRICHURIS182Akakro_S128_L002	346.82	38.4486	9.02035444723605020728
GFB-7615_HWNGYDSX5_3_TRICHURIS821Tiagba_S185_L003	244.065	23.4516	10.40717904108888092923
GFB-7254_HWNGYDSX5_2_TRICHURIS318Akakro_S202_L002	416.673	27.2894	15.26867574955843660908
GFB-7688_HWNGYDSX5_3_TRICHURIS938Tiagba_S258_L003	98.0673	15.4359	6.35319612073154140672
GFB-7234_HWNGYDSX5_2_TRICHURIS254Akakro_S182_L002	103.86	15.455	6.72015528955030734390
GFB-7236_HWNGYDSX5_2_TRICHURIS265Akakro_S184_L002	276.541	14.784	18.70542478354978354978
GFB-7287_HWNGYDSX5_2_TRICHURIS374Akakro_S235_L002	348.07	29.3863	11.84463508505664204067
GFB-7690_HWNGYDSX5_3_TRICHURIS940Tiagba_S260_L003	98.4713	15.5661	6.32600972626412524652
GFB-7183_HWNGYDSX5_2_TRICHURIS189Akakro_S131_L002	258.209	28.0653	9.20029360099482278828
GFB-7686_HWNGYDSX5_3_TRICHURIS936Tiagba_S256_L003	267.93	15.9955	16.75033603200900253196
GFB-7795_HWNGYDSX5_3_TRICHURISP-14Tiagba_S365_L003	10.2294	7.70416	1.32777616248883719964
GFB-7602_HWNGYDSX5_3_TRICHURIS808Tiagba_S172_L003	91.8354	16.2656	5.64598908125122958882
GFB-7541_HWNGYDSX5_3_TRICHURIS734Tiagba_S111_L003	65.4763	11.1594	5.86736742118751904224
GFB-7758_HWNGYDSX5_3_TRICHURIS1054Tiagba_S328_L003	238.998	16.2164	14.73804296884635307466
GFB-7279_HWNGYDSX5_2_TRICHURIS363Akakro_S227_L002	215.668	15.9852	13.49172985011135300152
GFB-7608_HWNGYDSX5_3_TRICHURIS814Tiagba_S178_L003	489.636	26.545	18.44550762855528348088
GFB-7355_HWNGYDSX5_2_TRICHURIS460Akakro_S303_L002	251.357	19.4708	12.90943361341085112065
GFB-7466_HWNGYDSX5_3_TRICHURIS626Tiagba_S36_L003	194.885	23.3918	8.33133833223608272984
GFB-7486_HWNGYDSX5_3_TRICHURIS649Tiagba_S56_L003	284.733	14.2201	20.02327691085154112840
GFB-7552_HWNGYDSX5_3_TRICHURIS747Tiagba_S122_L003	303.81	25.9562	11.70471794792766275494
GFB-7665_HWNGYDSX5_3_TRICHURIS896Tiagba_S235_L003	162.022	16.9037	9.58500210013192378000
GFB-7263_HWNGYDSX5_2_TRICHURIS327Akakro_S211_L002	278.933	22.1295	12.60457760003615083937
GFB-7304_HWNGYDSX5_2_TRICHURIS395Akakro_S252_L002	162.84	12.1873	13.36145003405184085072
GFB-7147_HWNGYDSX5_2_TRICHURIS132Akakro_S95_L002	150.282	17.8406	8.42359561898142439155
GFB-7356_HWNGYDSX5_2_TRICHURIS461Akakro_S304_L002	36.4015	8.00379	4.54803286942810843362
GFB-7404_HWNGYDSX5_2_TRICHURIS537Tiagba_S352_L002	259.501	22.5635	11.50091962683094378088
GFB-7098_HWNGYDSX5_2_TRICHURIS50Ahouya_S46_L002	178.204	20.2968	8.77990619210910094202
GFB-7559_HWNGYDSX5_3_TRICHURIS756Tiagba_S129_L003	255.484	25.6063	9.97738837707907819560
GFB-7761_HWNGYDSX5_3_TRICHURIS1068Tiagba_S331_L003	0	0.166751	0
GFB-7256_HWNGYDSX5_2_TRICHURIS320Akakro_S204_L002	203.83	23.347	8.73045787467340557673
GFB-7495_HWNGYDSX5_3_TRICHURIS683Tiagba_S65_L003	134.005	13.5201	9.91153911583494204924
GFB-7739_HWNGYDSX5_3_TRICHURIS1002Tiagba_S309_L003	282.863	18.7795	15.06232860299794989216
GFB-7261_HWNGYDSX5_2_TRICHURIS325Akakro_S209_L002	271.544	20.7003	13.11787751868330410670
GFB-7563_HWNGYDSX5_3_TRICHURIS763Tiagba_S133_L003	292.96	23.5488	12.44054898763418942791
GFB-7518_HWNGYDSX5_3_TRICHURIS708Tiagba_S88_L003	209.07	12.97	16.11950655358519660755
GFB-7669_HWNGYDSX5_3_TRICHURIS900Tiagba_S239_L003	311.042	23.9254	13.00049319969572086569
GFB-7629_HWNGYDSX5_3_TRICHURIS840Tiagba_S199_L003	111.843	14.3521	7.79279687293148737815
GFB-7417_HWNGYDSX5_2_TRICHURIS553Tiagba_S365_L002	193.928	21.6198	8.96992571624159335424
GFB-7433_HWNGYDSX5_3_TRICHURIS577Tiagba_S3_L003	413.125	26.1809	15.77963324408251817164
GFB-7429_HWNGYDSX5_2_TRICHURIS573Tiagba_S377_L002	369.322	23.4886	15.72345733675059390512
GFB-7327_HWNGYDSX5_2_TRICHURIS423Akakro_S275_L002	476.105	34.4648	13.81423945590863721826
GFB-7747_HWNGYDSX5_3_TRICHURIS1010Tiagba_S317_L003	130.167	11.3523	11.46613461589281467191
GFB-7441_HWNGYDSX5_3_TRICHURIS588Tiagba_S11_L003	85.005	14.7905	5.74727020722761231871
GFB-7237_HWNGYDSX5_2_TRICHURIS266Akakro_S185_L002	253.476	24.552	10.32404692082111436950
GFB-7741_HWNGYDSX5_3_TRICHURIS1004Tiagba_S311_L003	333.107	21.7389	15.32308442469490176595
GFB-7806_HWNGYDSX5_3_TRICHURISP-25Tiagba_S376_L003	26.783	13.3089	2.01241274635770048614
GFB-7705_HWNGYDSX5_3_TRICHURIS956Tiagba_S275_L003	380.347	24.1864	15.72565574041610161082
GFB-7721_HWNGYDSX5_3_TRICHURIS972Tiagba_S291_L003	580.404	29.0494	19.97989631455382899474
GFB-7667_HWNGYDSX5_3_TRICHURIS898Tiagba_S237_L003	225.082	16.915	13.30665090156665681347
GFB-7794_HWNGYDSX5_3_TRICHURISP-13Tiagba_S364_L003	21.9327	13.1663	1.66582107349824931833
GFB-7065_HWNGYDSX5_2_TRICHURIS13Bekpou_S13_L002	132.638	13.9926	9.47915326672669839772
GFB-7449_HWNGYDSX5_3_TRICHURIS606Tiagba_S19_L003	273.531	24.4774	11.17483883092158480884
GFB-7248_HWNGYDSX5_2_TRICHURIS278Akakro_S196_L002	220.728	14.9005	14.81346263548203080433
GFB-7395_HWNGYDSX5_2_TRICHURIS525Akakro_S343_L002	211.052	21.0637	10.01970214159905429720
GFB-7336_HWNGYDSX5_2_TRICHURIS437Akakro_S284_L002	250.449	26.7129	9.37558258369551789584
GFB-7530_HWNGYDSX5_3_TRICHURIS720Tiagba_S100_L003	180.948	25.3843	7.12834310971742376193
GFB-7092_HWNGYDSX5_2_TRICHURIS44Ahouya_S40_L002	369.683	26.4399	13.98201203484128154796
GFB-7362_HWNGYDSX5_2_TRICHURIS467Akakro_S310_L002	137.032	14.6648	9.34428018111395995854
GFB-7265_HWNGYDSX5_2_TRICHURIS329Akakro_S213_L002	410.521	31.2986	13.11627357134184915619
GFB-7163_HWNGYDSX5_2_TRICHURIS162Akakro_S111_L002	201.883	28.5094	7.08127845552694900629
GFB-7409_HWNGYDSX5_2_TRICHURIS542Tiagba_S357_L002	114.329	13.9143	8.21665480836261975090
GFB-7095_HWNGYDSX5_2_TRICHURIS47Ahouya_S43_L002	192.077	19.1602	10.02479097295435329485
GFB-7770_HWNGYDSX5_3_TRICHURIS1082Tiagba_S340_L003	82.6608	16.8279	4.91212807302158914659
GFB-7152_HWNGYDSX5_2_TRICHURIS142Akakro_S100_L002	328.975	26.0305	12.63805919978486775129
GFB-7467_HWNGYDSX5_3_TRICHURIS630Tiagba_S37_L003	209.122	22.935	9.11802921299324177022
GFB-7352_HWNGYDSX5_2_TRICHURIS457Akakro_S300_L002	2.83541	3.29076	.86162770910063328835
GFB-7099_HWNGYDSX5_2_TRICHURIS51Ahouya_S47_L002	244.344	26.3842	9.26099711190788426406
GFB-7426_HWNGYDSX5_2_TRICHURIS569Tiagba_S374_L002	283.733	22.3868	12.67412046384476566548
GFB-7472_HWNGYDSX5_3_TRICHURIS635Tiagba_S42_L003	179.8	20.8003	8.64410609462363523603
GFB-7685_HWNGYDSX5_3_TRICHURIS935Tiagba_S255_L003	0	0.000154637	0
GFB-7120_HWNGYDSX5_2_TRICHURIS75Akakro_S68_L002	432.062	33.6682	12.83294028192775378547
GFB-7181_HWNGYDSX5_2_TRICHURIS184Akakro_S129_L002	443.713	26.273	16.88855479008868420051
GFB-7522_HWNGYDSX5_3_TRICHURIS712Tiagba_S92_L003	116.005	15.1703	7.64684943606916145362
GFB-7361_HWNGYDSX5_2_TRICHURIS466Akakro_S309_L002	237.486	24.1625	9.82870150025866528711
GFB-7211_HWNGYDSX5_2_TRICHURIS223Akakro_S159_L002	153.132	12.5844	12.16839897015352340993
GFB-7295_HWNGYDSX5_2_TRICHURIS383Akakro_S243_L002	133.631	15.4754	8.63505951380901301420
GFB-7729_HWNGYDSX5_3_TRICHURIS980Tiagba_S299_L003	354.668	23.8209	14.88894206348206826778
GFB-7713_HWNGYDSX5_3_TRICHURIS964Tiagba_S283_L003	402.708	30.9597	13.00749038265874669328
GFB-7733_HWNGYDSX5_3_TRICHURIS995Tiagba_S303_L003	346.087	24.1628	14.32313308060324134620
GFB-7755_HWNGYDSX5_3_TRICHURIS1035Tiagba_S325_L003	180.945	24.2394	7.46491249783410480457
GFB-7561_HWNGYDSX5_3_TRICHURIS758Tiagba_S131_L003	95.6259	13.0393	7.33366821838595630133
GFB-7676_HWNGYDSX5_3_TRICHURIS926Tiagba_S246_L003	294.092	24.8263	11.84598591010339841216
GFB-7630_HWNGYDSX5_3_TRICHURIS841Tiagba_S200_L003	156.551	18.8953	8.28518202939355289410
GFB-7680_HWNGYDSX5_3_TRICHURIS930Tiagba_S250_L003	255.289	21.0617	12.12100637650332119439
GFB-7187_HWNGYDSX5_2_TRICHURIS194Akakro_S135_L002	88.2145	12.5559	7.02574088675443417039
GFB-7639_HWNGYDSX5_3_TRICHURIS850Tiagba_S209_L003	163.733	11.4403	14.31194986145468213246
GFB-7148_HWNGYDSX5_2_TRICHURIS133Akakro_S96_L002	273.556	16.7045	16.37618605764913646023
GFB-7421_HWNGYDSX5_2_TRICHURIS561Tiagba_S369_L002	135.696	14.1995	9.55639283073347653086
GFB-7618_HWNGYDSX5_3_TRICHURIS824Tiagba_S188_L003	393.596	26.6533	14.76725208510766021468
GFB-7720_HWNGYDSX5_3_TRICHURIS971Tiagba_S290_L003	221.87	21.5527	10.29430187401114477536
GFB-7273_HWNGYDSX5_2_TRICHURIS357Akakro_S221_L002	349.372	21.528	16.22872538089929394277
GFB-7188_HWNGYDSX5_2_TRICHURIS195Akakro_S136_L002	143.182	17.1937	8.32758510384617621570
GFB-7775_HWNGYDSX5_3_TRICHURIS1089Tiagba_S345_L003	15.5362	11.1197	1.39717798142036206012
GFB-7199_HWNGYDSX5_2_TRICHURIS208Akakro_S147_L002	305.167	21.5334	14.17179822972684295095
GFB-7512_HWNGYDSX5_3_TRICHURIS701Tiagba_S82_L003	303.975	26.1756	11.61291431715032320176
GFB-7111_HWNGYDSX5_2_TRICHURIS63Akakro_S59_L002	222.017	13.6184	16.30272278681783469423
GFB-7772_HWNGYDSX5_3_TRICHURIS1085Tiagba_S342_L003	82.9776	12.2648	6.76550779466440545300
GFB-7521_HWNGYDSX5_3_TRICHURIS711Tiagba_S91_L003	97.4663	15.4553	6.30633504364198689122
GFB-7749_HWNGYDSX5_3_TRICHURIS1014Tiagba_S319_L003	95.7357	23.7335	4.03377925716813786420
GFB-7108_HWNGYDSX5_2_TRICHURIS60Akakro_S56_L002	98.9177	14.1251	7.00297343027659981168
GFB-7153_HWNGYDSX5_2_TRICHURIS139Akakro_S101_L002	432.913	25.2702	17.13136421555824647212
GFB-7571_HWNGYDSX5_3_TRICHURIS771Tiagba_S141_L003	277.526	26.2564	10.56984201946953885528
GFB-7653_HWNGYDSX5_3_TRICHURIS884Tiagba_S223_L003	287.613	26.205	10.97550085861476817401
GFB-7266_HWNGYDSX5_2_TRICHURIS330Akakro_S214_L002	220.516	16.8437	13.09189786092129401497
GFB-7398_HWNGYDSX5_2_TRICHURIS528Akakro_S346_L002	182.399	20.3011	8.98468555891060090339
GFB-7291_HWNGYDSX5_2_TRICHURIS378Akakro_S239_L002	183.776	11.4504	16.04974498707468734716
GFB-7130_HWNGYDSX5_2_TRICHURIS85Akakro_S78_L002	90.7282	16.6075	5.46308595514074966129
GFB-7700_HWNGYDSX5_3_TRICHURIS951Tiagba_S270_L003	328.444	23.4794	13.98860277519868480455
GFB-7272_HWNGYDSX5_2_TRICHURIS356Akakro_S220_L002	223.05	20.1482	11.07046783335484063092
GFB-7647_HWNGYDSX5_3_TRICHURIS875Tiagba_S217_L003	188.536	16.5797	11.37149646857301398698
GFB-7456_HWNGYDSX5_3_TRICHURIS615Tiagba_S26_L003	131.708	11.9777	10.99610108785493041234
GFB-7231_HWNGYDSX5_2_TRICHURIS248Akakro_S179_L002	91.9077	11.6759	7.87157306931371457446
GFB-7428_HWNGYDSX5_2_TRICHURIS572Tiagba_S376_L002	289.748	22.9277	12.63746472607370124347
GFB-7633_HWNGYDSX5_3_TRICHURIS844Tiagba_S203_L003	254.865	23.6005	10.79913561153365394800
GFB-7624_HWNGYDSX5_3_TRICHURIS834Tiagba_S194_L003	193.2	22.1987	8.70321235027276372039
GFB-7117_HWNGYDSX5_2_TRICHURIS69Akakro_S65_L002	163.681	12.9728	12.61724531327084361124
GFB-7416_HWNGYDSX5_2_TRICHURIS552Tiagba_S364_L002	170.12	20.6348	8.24432512066993622424
GFB-7337_HWNGYDSX5_2_TRICHURIS438Akakro_S285_L002	134.399	17.2251	7.80250912911971483474
GFB-7619_HWNGYDSX5_3_TRICHURIS829Tiagba_S189_L003	252.185	13.6456	18.48104883625491000762
GFB-7683_HWNGYDSX5_3_TRICHURIS933Tiagba_S253_L003	290.499	23.7903	12.21081701365682652173
GFB-7696_HWNGYDSX5_3_TRICHURIS947Tiagba_S266_L003	217.561	15.368	14.15675429463820926600
GFB-7526_HWNGYDSX5_3_TRICHURIS716Tiagba_S96_L003	282.825	31.1606	9.07636566689986713991
GFB-7190_HWNGYDSX5_2_TRICHURIS197Akakro_S138_L002	159.716	25.3087	6.31071528762836494960
GFB-7405_HWNGYDSX5_2_TRICHURIS538Tiagba_S353_L002	263.601	23.0409	11.44056872778407093472
GFB-7709_HWNGYDSX5_3_TRICHURIS960Tiagba_S279_L003	152.082	14.1582	10.74161969741916345298
GFB-7269_HWNGYDSX5_2_TRICHURIS333Akakro_S217_L002	190.132	26.1382	7.27410456726170891645
GFB-7716_HWNGYDSX5_3_TRICHURIS967Tiagba_S286_L003	224.1	23.1927	9.66252312149943732295
GFB-7104_HWNGYDSX5_2_TRICHURIS56Akakro_S52_L002	335.267	25.1999	13.30429882658264516922
GFB-7679_HWNGYDSX5_3_TRICHURIS929Tiagba_S249_L003	209.105	21.2553	9.83778163563911118638
GFB-7576_HWNGYDSX5_3_TRICHURIS776Tiagba_S146_L003	301.985	28.3196	10.66346276077345725222
GFB-7375_HWNGYDSX5_2_TRICHURIS487Akakro_S323_L002	180.002	22.8581	7.87475774451944824810
GFB-7342_HWNGYDSX5_2_TRICHURIS443Akakro_S290_L002	153.349	20.5632	7.45744825708061002178
GFB-7323_HWNGYDSX5_2_TRICHURIS419Akakro_S271_L002	514.92	30.3632	16.95868683142751752120
GFB-7172_HWNGYDSX5_2_TRICHURIS173Akakro_S120_L002	173.983	21.9405	7.92976459059729723570
GFB-7628_HWNGYDSX5_3_TRICHURIS839Tiagba_S198_L003	201.594	22.1004	9.12173535320627680946
GFB-7229_HWNGYDSX5_2_TRICHURIS246Akakro_S177_L002	342.511	23.4075	14.63253230802093346149
GFB-7359_HWNGYDSX5_2_TRICHURIS464Akakro_S307_L002	376.397	32.2006	11.68913001621087805817
GFB-7578_HWNGYDSX5_3_TRICHURIS778Tiagba_S148_L003	153.222	14.2486	10.75347753463498168241
GFB-7671_HWNGYDSX5_3_TRICHURIS904Tiagba_S241_L003	2.17706	0.542188	4.01532309826111975919
GFB-7661_HWNGYDSX5_3_TRICHURIS892Tiagba_S231_L003	282.955	23.4651	12.05854652228202735125
GFB-7706_HWNGYDSX5_3_TRICHURIS957Tiagba_S276_L003	79.8853	12.9217	6.18225930024687154167
GFB-7089_HWNGYDSX5_2_TRICHURIS41Ahouya_S37_L002	280.284	26.797	10.45952905175952531999
GFB-7322_HWNGYDSX5_2_TRICHURIS417Akakro_S270_L002	293.2	28.6325	10.24011176111062603684
GFB-7062_HWNGYDSX5_2_TRICHURIS10Bekpou_S10_L002	318.589	16.2867	19.56129848281112809838
GFB-7204_HWNGYDSX5_2_TRICHURIS214Akakro_S152_L002	3.43641	0.658982	5.21472513665016646888
GFB-7575_HWNGYDSX5_3_TRICHURIS775Tiagba_S145_L003	171.297	16.227	10.55629506378258458125
GFB-7792_HWNGYDSX5_3_TRICHURISP-11Tiagba_S362_L003	15.8329	13.068	1.21157790021426385062
GFB-7689_HWNGYDSX5_3_TRICHURIS939Tiagba_S259_L003	348.025	15.2114	22.87922216232562420290
GFB-7719_HWNGYDSX5_3_TRICHURIS970Tiagba_S289_L003	255.771	19.6632	13.00759794946905895276
GFB-7479_HWNGYDSX5_3_TRICHURIS642Tiagba_S49_L003	237.337	21.9913	10.79231332390536257520
GFB-7666_HWNGYDSX5_3_TRICHURIS897Tiagba_S236_L003	155.267	27.7834	5.58848089146756696444
GFB-7178_HWNGYDSX5_2_TRICHURIS180Akakro_S126_L002	101.242	16.1115	6.28383452813207957049
GFB-7730_HWNGYDSX5_3_TRICHURIS981Tiagba_S300_L003	116.337	14.9016	7.80701401191818328233
GFB-7736_HWNGYDSX5_3_TRICHURIS998Tiagba_S306_L003	54.0175	16.758	3.22338584556629669411
GFB-7724_HWNGYDSX5_3_TRICHURIS975Tiagba_S294_L003	349.424	14.1184	24.74954669084315503173
GFB-7179_HWNGYDSX5_2_TRICHURIS181Akakro_S127_L002	842.84	32.4434	25.97878150871980125387
GFB-7443_HWNGYDSX5_3_TRICHURIS592Tiagba_S13_L003	330.566	24.4021	13.54662098753795779871
GFB-7319_HWNGYDSX5_2_TRICHURIS414Akakro_S267_L002	573.112	38.8284	14.76012403292435433857
GFB-7744_HWNGYDSX5_3_TRICHURIS1007Tiagba_S314_L003	279.788	17.6241	15.87530710788068610595
GFB-7075_HWNGYDSX5_2_TRICHURIS26Bekpou_S23_L002	265.908	25.371	10.48078514839777698947
GFB-7088_HWNGYDSX5_2_TRICHURIS40Ahouya_S36_L002	162.18	14.4598	11.21592276518347418359
GFB-7574_HWNGYDSX5_3_TRICHURIS774Tiagba_S144_L003	451.686	28.1616	16.03907448440429521049
GFB-7134_HWNGYDSX5_2_TRICHURIS89Akakro_S82_L002	120.746	13.2865	9.08787114740526097918
GFB-7154_HWNGYDSX5_2_TRICHURIS143Akakro_S102_L002	258.878	26.2734	9.85323559189141869723
GFB-7762_HWNGYDSX5_3_TRICHURIS1071Tiagba_S332_L003	290.312	25.0617	11.58389095711783318769
GFB-7250_HWNGYDSX5_2_TRICHURIS315Akakro_S198_L002	189.621	13.6472	13.89449850518787736678
GFB-7801_HWNGYDSX5_3_TRICHURISP-20Tiagba_S371_L003	24.2918	11.8608	2.04807432888169432078
GFB-7309_HWNGYDSX5_2_TRICHURIS401Akakro_S257_L002	433.392	36.1914	11.97499958553689550556
GFB-7501_HWNGYDSX5_3_TRICHURIS689Tiagba_S71_L003	280.175	25.0572	11.18141691809140686110
GFB-7717_HWNGYDSX5_3_TRICHURIS968Tiagba_S287_L003	352.157	30.613	11.50351158004769215692
GFB-7465_HWNGYDSX5_3_TRICHURIS625Tiagba_S35_L003	270.935	22.2883	12.15592934409533252872
GFB-7401_HWNGYDSX5_2_TRICHURIS534Akakro_S349_L002	139.416	15.6621	8.90148830616583982990
GFB-7270_HWNGYDSX5_2_TRICHURIS334Akakro_S218_L002	204.175	22.897	8.91710704459099445342
GFB-7411_HWNGYDSX5_2_TRICHURIS544Tiagba_S359_L002	97.2843	14.4755	6.72061759524714172222
GFB-7176_HWNGYDSX5_2_TRICHURIS178Akakro_S124_L002	234.983	25.2671	9.29995923552762287718
GFB-7566_HWNGYDSX5_3_TRICHURIS766Tiagba_S136_L003	268.708	21.9449	12.24466732589348778075
GFB-7297_HWNGYDSX5_2_TRICHURIS385Akakro_S245_L002	117.294	16.3914	7.15582561587173761850
GFB-7548_HWNGYDSX5_3_TRICHURIS743Tiagba_S118_L003	110.623	13.684	8.08411283250511546331
GFB-7536_HWNGYDSX5_3_TRICHURIS729Tiagba_S106_L003	165.319	22.4687	7.35774655409525250682
GFB-7523_HWNGYDSX5_3_TRICHURIS713Tiagba_S93_L003	356.406	24.8721	14.32954997768584076133
GFB-7591_HWNGYDSX5_3_TRICHURIS794Tiagba_S161_L003	281.84	22.6825	12.42543811308277306293
GFB-7606_HWNGYDSX5_3_TRICHURIS812Tiagba_S176_L003	201.82	21.0041	9.60860022567022628915
GFB-7151_HWNGYDSX5_2_TRICHURIS138Akakro_S99_L002	206.461	16.1869	12.75482025588593245155
GFB-7555_HWNGYDSX5_3_TRICHURIS750Tiagba_S125_L003	190.763	13.1652	14.48994318354449609576
GFB-7124_HWNGYDSX5_2_TRICHURIS79Akakro_S72_L002	2.04489	6.27016	.32613043367314390701
GFB-7218_HWNGYDSX5_2_TRICHURIS231Akakro_S166_L002	188.9	23.3217	8.09975259093462311924
GFB-7537_HWNGYDSX5_3_TRICHURIS730Tiagba_S107_L003	436.641	28.8759	15.12129492067779705567
GFB-7539_HWNGYDSX5_3_TRICHURIS732Tiagba_S109_L003	94.6908	14.3719	6.58860693436497609919
GFB-7514_HWNGYDSX5_3_TRICHURIS703Tiagba_S84_L003	286.663	23.2479	12.33070513895878767544
GFB-7311_HWNGYDSX5_2_TRICHURIS403Akakro_S259_L002	324.289	26.718	12.13747286473538438505
GFB-7338_HWNGYDSX5_2_TRICHURIS439Akakro_S286_L002	247.923	23.9839	10.33705944404371265724
GFB-7532_HWNGYDSX5_3_TRICHURIS722Tiagba_S102_L003	401.988	26.6431	15.08788391741201286637
GFB-7301_HWNGYDSX5_2_TRICHURIS389Akakro_S249_L002	209.848	21.5376	9.74333259044647500185
GFB-7642_HWNGYDSX5_3_TRICHURIS855Tiagba_S212_L003	152.738	20.2521	7.54183516771100280958
GFB-7407_HWNGYDSX5_2_TRICHURIS540Tiagba_S355_L002	317.99	34.2977	9.27146718293063383258
GFB-7444_HWNGYDSX5_3_TRICHURIS593Tiagba_S14_L003	606.716	24.5892	24.67408455744798529435
GFB-7293_HWNGYDSX5_2_TRICHURIS380Akakro_S241_L002	223.057	19.4578	11.46362898169371665861
GFB-7731_HWNGYDSX5_3_TRICHURIS982Tiagba_S301_L003	263.671	24.0655	10.95638985269369013733
GFB-7389_HWNGYDSX5_2_TRICHURIS515Akakro_S337_L002	273.948	30.6028	8.95172990706732717267
GFB-7312_HWNGYDSX5_2_TRICHURIS404Akakro_S260_L002	317.107	29.8321	10.62972435731979981295
GFB-7247_HWNGYDSX5_2_TRICHURIS276Akakro_S195_L002	150.796	15.7542	9.57179672722194716329
GFB-7458_HWNGYDSX5_3_TRICHURIS617Tiagba_S28_L003	331.888	16.3652	20.28010656759465206658
GFB-7699_HWNGYDSX5_3_TRICHURIS950Tiagba_S269_L003	210.284	13.8972	15.13139337420487580231
GFB-7643_HWNGYDSX5_3_TRICHURIS856Tiagba_S213_L003	84.1521	12.5142	6.72452893512969266912
GFB-7510_HWNGYDSX5_3_TRICHURIS698Tiagba_S80_L003	229.382	14.8298	15.46763948266328608612
GFB-7607_HWNGYDSX5_3_TRICHURIS813Tiagba_S177_L003	169.137	26.552	6.37002862307924073516
GFB-7257_HWNGYDSX5_2_TRICHURIS321Akakro_S205_L002	232.868	25.5475	9.11509932478716117036
GFB-7432_HWNGYDSX5_3_TRICHURIS576Tiagba_S2_L003	139.815	14.1043	9.91293435335323270208
GFB-7528_HWNGYDSX5_3_TRICHURIS718Tiagba_S98_L003	108.2	18.9301	5.71576484012234483705
GFB-7285_HWNGYDSX5_2_TRICHURIS371Akakro_S233_L002	81.2693	13.5047	6.01785304375513710041
GFB-7745_HWNGYDSX5_3_TRICHURIS1008Tiagba_S315_L003	309.135	27.3546	11.30102432497642078480
GFB-7221_HWNGYDSX5_2_TRICHURIS234Akakro_S169_L002	92.4613	12.4784	7.40970797538145916143
GFB-7255_HWNGYDSX5_2_TRICHURIS319Akakro_S203_L002	209.377	21.7143	9.64235549845032996688
PRJNA208415	32.8055	61.1559	0.536424122
PRJNA208416	22.586	55.2164	0.4090451
PRJNA179528	55.7232	81.8336	0.6809
PRJNA304165	9.41996	14.6822	0.64159